0 0.26328125 0.628125 0.059375 0.05625
0 0.3921875 0.6328125 0.0515625 0.0625
0 0.44375 0.61015625 0.0359375 0.0390625
0 0.4515625 0.65703125 0.0578125 0.065625
0 0.375 0.67890625 0.0375 0.034375
0 0.4109375 0.67265625 0.053125 0.046875
0 0.1703125 0.515625 0.0359375 0.0328125
0 0.59453125 0.125 0.090625 0.08125
0 0.68828125 0.1203125 0.0484375 0.0640625
0 0.8421875 0.09140625 0.034375 0.03125
0 0.7890625 0.146875 0.0296875 0.0234375
0 0.81015625 0.1515625 0.021875 0.0203125
0 0.596875 0.465625 0.034375 0.03125
0 0.971875 0.4421875 0.05625 0.05625
0 0.48984375 0.284375 0.0453125 0.0515625
0 0.521875 0.26796875 0.04375 0.0484375
0 0.453125 0.31953125 0.0359375 0.046875
0 0.39140625 0.33203125 0.028125 0.021875
0 0.69921875 0.46171875 0.0171875 0.0140625
0 0.6890625 0.45 0.0140625 0.015625
0 0.86484375 0.13359375 0.01875 0.01875