0 0.3640625 0.8015625 0.0609375 0.0625
0 0.26640625 0.759375 0.040625 0.0421875
0 0.428125 0.78046875 0.0375 0.034375
0 0.41796875 0.84375 0.0546875 0.065625
0 0.36015625 0.85703125 0.075 0.059375
0 0.6203125 0.3375 0.075 0.053125
0 0.70078125 0.34375 0.0359375 0.04375
0 0.575 0.23359375 0.028125 0.025
0 0.59296875 0.2515625 0.0234375 0.025
0 0.546875 0.2484375 0.0171875 0.0203125
0 0.52734375 0.4546875 0.0375 0.0375
0 0.496875 0.475 0.0421875 0.046875
0 0.46484375 0.50078125 0.0234375 0.0328125
0 0.934375 0.2578125 0.028125 0.025
0 0.61171875 0.63828125 0.034375 0.0328125
0 0.29453125 0.18046875 0.028125 0.034375