0 0.15390625 0.4390625 0.03125 0.03125
0 0.18515625 0.4109375 0.0296875 0.025
0 0.340625 0.496875 0.0265625 0.03125
0 0.22578125 0.43828125 0.04375 0.053125
0 0.2203125 0.33359375 0.034375 0.025
0 0.253125 0.39921875 0.01875 0.0171875
0 0.60546875 0.26015625 0.0296875 0.028125
0 0.62421875 0.28359375 0.021875 0.01875
0 0.61171875 0.3046875 0.01875 0.0203125
0 0.92578125 0.48203125 0.046875 0.0515625
0 0.88046875 0.70078125 0.065625 0.071875
0 0.434375 0.553125 0.0515625 0.0546875
0 0.65078125 0.31484375 0.0203125 0.0140625
0 0.63359375 0.315625 0.0140625 0.0125
0 0.61328125 0.32890625 0.0125 0.0078125