0 0.39375 0.4390625 0.03125 0.0515625
0 0.3109375 0.4109375 0.0484375 0.0484375
0 0.365625 0.403125 0.0515625 0.0328125
0 0.134375 0.54375 0.053125 0.0453125
0 0.1078125 0.5671875 0.03125 0.0375
0 0.1921875 0.5234375 0.0453125 0.0359375
0 0.3203125 0.73125 0.0296875 0.0265625
0 0.853125 0.5140625 0.0328125 0.040625
0 0.853125 0.334375 0.0234375 0.0265625
0 0.8171875 0.375 0.0296875 0.0203125
0 0.4046875 0.2796875 0.0203125 0.0203125
0 0.4296875 0.29375 0.025 0.0296875
0 0.38125 0.2890625 0.0109375 0.0203125
0 0.1140625 0.1703125 0.028125 0.0328125
0 0.1390625 0.1421875 0.025 0.028125
0 0.046875 0.1375 0.025 0.0203125
0 0.29375 0.4921875 0.028125 0.015625
0 0.203125 0.4796875 0.0125 0.0171875
0 0.4921875 0.6984375 0.03125 0.028125
0 0.7546875 0.696875 0.0296875 0.0265625