0 0.11171875 0.84765625 0.078125 0.0890625
0 0.29375 0.890625 0.0984375 0.096875
0 0.38359375 0.8375 0.0578125 0.053125
0 0.58984375 0.58984375 0.0390625 0.040625
0 0.453125 0.35859375 0.06875 0.0703125
0 0.49375 0.3328125 0.05 0.0578125
0 0.3921875 0.4078125 0.0421875 0.05625
0 0.3296875 0.42890625 0.0390625 0.025
0 0.559375 0.19296875 0.0609375 0.0578125
0 0.59765625 0.153125 0.084375 0.096875
0 0.7 0.15859375 0.046875 0.0765625
0 0.77578125 0.20703125 0.01875 0.021875
0 0.66640625 0.553125 0.03125 0.0328125
0 0.015625 0.49140625 0.0125 0.015625