0 0.2046875 0.471875 0.0265625 0.0296875
0 0.234375 0.440625 0.0390625 0.03125
0 0.39609375 0.51953125 0.0296875 0.028125
0 0.48984375 0.56484375 0.040625 0.05
0 0.28046875 0.4640625 0.0515625 0.053125
0 0.26328125 0.35078125 0.0375 0.028125
0 0.64375 0.25234375 0.0265625 0.0265625
0 0.634375 0.2875 0.034375 0.021875
0 0.696875 0.31328125 0.025 0.015625
0 0.6578125 0.2671875 0.021875 0.028125
0 0.9890625 0.49140625 0.021875 0.0265625
0 0.61484375 0.646875 0.05 0.040625
0 0.684375 0.68828125 0.0328125 0.028125
0 0.2546875 0.75625 0.053125 0.04375
0 0.41796875 0.1109375 0.03125 0.028125