0 0.0390625 0.81875 0.0234375 0.028125
0 0.0703125 0.8078125 0.025 0.021875
0 0.0203125 0.5015625 0.0296875 0.0234375
0 0.3296875 0.5625 0.0234375 0.0203125
0 0.3984375 0.5828125 0.021875 0.0234375
0 0.4265625 0.5859375 0.0171875 0.01875
0 0.41875 0.6078125 0.0203125 0.021875
0 0.3828125 0.6015625 0.0140625 0.0140625
0 0.3984375 0.6046875 0.0171875 0.01875
0 0.5375 0.553125 0.015625 0.0140625
0 0.8625 0.490625 0.025 0.0265625
0 0.9015625 0.34375 0.0359375 0.0296875
0 0.9109375 0.384375 0.0171875 0.0125
0 0.86875 0.3765625 0.025 0.0203125
0 0.8734375 0.409375 0.021875 0.0125
0 0.8125 0.4046875 0.028125 0.021875
0 0.575 0.4078125 0.0234375 0.0203125
0 0.615625 0.425 0.0140625 0.01875
0 0.59375 0.4046875 0.0203125 0.0171875
0 0.5234375 0.446875 0.015625 0.0140625
0 0.5046875 0.453125 0.015625 0.0171875
0 0.59375 0.3125 0.0171875 0.0140625
0 0.6046875 0.3265625 0.0140625 0.0109375
0 0.5765625 0.315625 0.0125 0.0109375
0 0.465625 0.253125 0.0140625 0.015625
0 0.44375 0.240625 0.0140625 0.0171875
0 0.471875 0.2328125 0.0125 0.0140625
0 0.421875 0.2328125 0.0109375 0.0125
0 0.4953125 0.1546875 0.025 0.025
0 0.521875 0.1671875 0.0203125 0.021875
0 0.2921875 0.4734375 0.0171875 0.0140625