0 0.215625 0.65078125 0.096875 0.090625
0 0.1015625 0.71484375 0.10625 0.1109375
0 0.02265625 0.76640625 0.0453125 0.0796875
0 0.57109375 0.478125 0.053125 0.096875
0 0.38359375 0.253125 0.0359375 0.040625
0 0.3421875 0.26171875 0.0265625 0.025
0 0.43203125 0.4359375 0.1265625 0.0828125
0 0.16875 0.52265625 0.05625 0.03125
0 0.98671875 0.3296875 0.0203125 0.0171875
0 0.9359375 0.34375 0.01875 0.01875
0 0.85859375 0.453125 0.0171875 0.015625
0 0.74296875 0.51796875 0.021875 0.0375
0 0.07109375 0.5296875 0.034375 0.028125
0 0.06484375 0.5625 0.03125 0.03125
0 0.00625 0.553125 0.0125 0.021875
0 0.4046875 0.2828125 0.0296875 0.0265625
0 0.94375 0.534375 0.0296875 0.0234375