0 0.30390625 0.86796875 0.04375 0.0453125
0 0.43515625 0.7265625 0.03125 0.0296875
0 0.57890625 0.73359375 0.0296875 0.03125
0 0.54921875 0.76640625 0.028125 0.0296875
0 0.57421875 0.63203125 0.0234375 0.0234375
0 0.3265625 0.72578125 0.034375 0.028125
0 0.2953125 0.8015625 0.0234375 0.0203125
0 0.303125 0.784375 0.021875 0.025
0 0.32421875 0.77265625 0.034375 0.0359375
0 0.32734375 0.746875 0.0484375 0.0328125
0 0.66640625 0.51640625 0.025 0.025
0 0.928125 0.4234375 0.03125 0.028125
0 0.76171875 0.31953125 0.0671875 0.0546875
0 0.70703125 0.32265625 0.0546875 0.0515625
0 0.65859375 0.265625 0.0328125 0.0265625
0 0.67734375 0.2828125 0.025 0.0265625
0 0.8359375 0.23984375 0.01875 0.0203125
0 0.31015625 0.35625 0.021875 0.021875
0 0.3625 0.2390625 0.01875 0.0203125
0 0.34609375 0.22421875 0.0203125 0.03125
0 0.24609375 0.28046875 0.03125 0.0359375
0 0.02265625 0.5125 0.0453125 0.034375
0 0.06796875 0.484375 0.0296875 0.028125
0 0.13671875 0.6 0.0171875 0.0140625
0 0.15234375 0.58203125 0.0328125 0.0265625
0 0.15390625 0.5578125 0.015625 0.0140625
0 0.19375 0.509375 0.0171875 0.0125
0 0.25625 0.68125 0.021875 0.0328125
0 0.16796875 0.8640625 0.028125 0.028125
0 0.14296875 0.98828125 0.0234375 0.0234375
0 0.4265625 0.91171875 0.0265625 0.01875
0 0.63125 0.30625 0.0265625 0.0171875
0 0.415625 0.13984375 0.0203125 0.015625