0 0.27578125 0.63828125 0.0328125 0.03125
0 0.25390625 0.671875 0.0375 0.03125
0 0.16484375 0.82421875 0.0375 0.0296875
0 0.740625 0.7359375 0.0140625 0.0171875
0 0.903125 0.6890625 0.0171875 0.0140625
0 0.7109375 0.57265625 0.0171875 0.0171875
0 0.6984375 0.5796875 0.0125 0.0109375
0 0.7203125 0.5859375 0.0140625 0.0140625
0 0.9921875 0.41953125 0.015625 0.0203125
0 0.50859375 0.4859375 0.015625 0.015625
0 0.4953125 0.5 0.0125 0.0109375
0 0.3203125 0.509375 0.0125 0.0125
0 0.33125 0.50546875 0.0125 0.0140625
0 0.334375 0.571875 0.0109375 0.0109375
0 0.31875 0.56875 0.009375 0.009375
0 0.3078125 0.5703125 0.0109375 0.0109375
0 0.2921875 0.57890625 0.0125 0.0125
0 0.21953125 0.56640625 0.0140625 0.0078125
0 0.0296875 0.396875 0.021875 0.025
0 0.00859375 0.40859375 0.0171875 0.0203125
0 0.22890625 0.4234375 0.0125 0.0140625
0 0.24296875 0.4171875 0.0125 0.0140625
0 0.2671875 0.4109375 0.0125 0.015625
0 0.2625 0.371875 0.0125 0.0140625
0 0.52578125 0.246875 0.0109375 0.0125
0 0.53828125 0.24296875 0.01875 0.015625
0 0.54765625 0.253125 0.015625 0.0140625
0 0.546875 0.184375 0.01875 0.01875
0 0.4515625 0.16875 0.009375 0.009375
0 0.4359375 0.165625 0.009375 0.0125
0 0.49453125 0.275 0.028125 0.025
0 0.46796875 0.37578125 0.009375 0.009375
0 0.4484375 0.37734375 0.009375 0.009375
0 0.45625 0.36953125 0.0140625 0.0171875
0 0.60703125 0.4359375 0.0109375 0.0109375
0 0.62265625 0.4390625 0.0171875 0.0140625
0 0.790625 0.3578125 0.0140625 0.0109375
0 0.7953125 0.37109375 0.0203125 0.0140625