0 0.23046875 0.51953125 0.0140625 0.0140625
0 0.24609375 0.52734375 0.0265625 0.025
0 0.27421875 0.50703125 0.0203125 0.0203125
0 0.11875 0.15859375 0.0109375 0.0109375
0 0.1078125 0.16875 0.0109375 0.0125
0 0.06875 0.17109375 0.0125 0.0109375
0 0.60390625 0.33359375 0.0125 0.0140625
0 0.58671875 0.33984375 0.009375 0.0078125
0 0.72109375 0.35390625 0.015625 0.0140625
0 0.709375 0.33984375 0.015625 0.0109375
0 0.715625 0.49453125 0.0125 0.0140625
0 0.71484375 0.50703125 0.0109375 0.0109375
0 0.7046875 0.49375 0.0109375 0.009375
0 0.8125 0.87578125 0.0203125 0.0171875
0 0.459375 0.5796875 0.0171875 0.01875
0 0.3796875 0.33359375 0.0125 0.015625
0 0.39765625 0.32109375 0.01875 0.0203125
0 0.45859375 0.28046875 0.0171875 0.0125
0 0.13046875 0.2625 0.0171875 0.0203125
0 0.1125 0.33203125 0.01875 0.021875
0 0.28671875 0.4 0.01875 0.0171875
0 0.04453125 0.57421875 0.0234375 0.0234375
0 0.06875 0.58046875 0.0265625 0.028125
0 0.028125 0.60859375 0.015625 0.0125
0 0.09140625 0.596875 0.0171875 0.015625
0 0.21953125 0.60625 0.025 0.025
0 0.84921875 0.875 0.028125 0.0265625
0 0.628125 0.22734375 0.0078125 0.0125
0 0.61953125 0.2125 0.01875 0.0203125