0 0.121875 0.80390625 0.0765625 0.0828125
0 0.15234375 0.634375 0.025 0.01875
0 0.13125 0.61328125 0.0171875 0.0171875
0 0.278125 0.45234375 0.0359375 0.0359375
0 0.4875 0.58515625 0.01875 0.021875
0 0.62109375 0.6890625 0.0265625 0.0234375
0 0.60859375 0.8 0.0359375 0.0296875
0 0.53671875 0.60390625 0.025 0.0390625
0 0.5203125 0.57109375 0.0265625 0.0109375
0 0.9109375 0.5359375 0.0359375 0.025
0 0.89140625 0.5625 0.0359375 0.021875
0 0.96640625 0.60234375 0.0265625 0.0140625
0 0.88359375 0.58046875 0.0171875 0.015625
0 0.91171875 0.5984375 0.0171875 0.0140625
0 0.890625 0.60625 0.0078125 0.00625
0 0.975 0.678125 0.0234375 0.03125
0 0.71953125 0.3890625 0.0171875 0.0171875
0 0.33984375 0.4859375 0.0234375 0.015625