0 0.2421875 0.70703125 0.0609375 0.0609375
0 0.17421875 0.625 0.040625 0.0421875
0 0.30859375 0.7171875 0.0375 0.034375
0 0.27109375 0.76953125 0.0546875 0.065625
0 0.21328125 0.7546875 0.075 0.0578125
0 0.68125 0.41015625 0.075 0.0515625
0 0.75 0.4515625 0.0359375 0.0421875
0 0.68828125 0.29609375 0.028125 0.0234375
0 0.6953125 0.3203125 0.0234375 0.0234375
0 0.65625 0.296875 0.0171875 0.0203125
0 0.5453125 0.471875 0.0375 0.0375
0 0.50859375 0.4765625 0.0421875 0.0453125
0 0.46796875 0.484375 0.0234375 0.0328125
0 0.99140625 0.48125 0.0171875 0.025
0 0.53671875 0.6734375 0.0328125 0.0328125
0 0.46171875 0.12265625 0.028125 0.034375