0 0.971875 0.6171875 0.0125 0.015625
0 0.9421875 0.603125 0.0328125 0.0140625
0 0.95 0.5265625 0.01875 0.0109375
0 0.8765625 0.6328125 0.009375 0.0125
0 0.8921875 0.6296875 0.0140625 0.009375
0 0.8609375 0.634375 0.0140625 0.0140625
0 0.7328125 0.696875 0.015625 0.0125
0 0.784375 0.7234375 0.0109375 0.009375
0 0.8140625 0.7265625 0.015625 0.0265625
0 0.796875 0.71875 0.015625 0.025
0 0.5703125 0.821875 0.0125 0.0140625
0 0.584375 0.821875 0.0109375 0.0140625
0 0.85625 0.446875 0.0203125 0.0125
0 0.8171875 0.4921875 0.0109375 0.0140625
0 0.834375 0.4953125 0.009375 0.009375
0 0.8375 0.4828125 0.0109375 0.0109375
0 0.9359375 0.3953125 0.01875 0.015625
0 0.909375 0.3703125 0.01875 0.015625
0 0.3484375 0.55 0.0171875 0.0078125
0 0.2046875 0.5828125 0.01875 0.0109375
0 0.1578125 0.6078125 0.0125 0.0109375
0 0.0609375 0.5984375 0.021875 0.015625
0 0.059375 0.6140625 0.01875 0.0125
0 0.0796875 0.6125 0.0171875 0.0125
0 0.065625 0.58125 0.0140625 0.0109375
0 0.1109375 0.5765625 0.028125 0.01875
0 0.0734375 0.5640625 0.028125 0.0109375
0 0.2140625 0.4625 0.021875 0.009375
0 0.2140625 0.5453125 0.0109375 0.0109375
0 0.3703125 0.615625 0.0125 0.0203125
0 0.353125 0.6203125 0.0109375 0.0140625
0 0.5546875 0.675 0.009375 0.00625
0 0.5546875 0.6859375 0.0109375 0.0109375
0 0.528125 0.678125 0.0109375 0.0140625
0 0.5140625 0.68125 0.0125 0.0171875
0 0.1359375 0.7640625 0.0140625 0.0171875
0 0.1546875 0.7484375 0.015625 0.0125