0 0.14453125 0.4625 0.0453125 0.053125
0 0.19765625 0.46796875 0.0453125 0.0453125
0 0.27265625 0.50859375 0.034375 0.034375
0 0.28203125 0.4859375 0.040625 0.028125
0 0.346875 0.41796875 0.0390625 0.0359375
0 0.88203125 0.80703125 0.0484375 0.0421875
0 0.9140625 0.77890625 0.0421875 0.053125
0 0.91640625 0.5171875 0.0296875 0.028125
0 0.86328125 0.4296875 0.0375 0.0296875
0 0.60546875 0.515625 0.0265625 0.025
0 0.228125 0.47109375 0.0203125 0.021875
0 0.68046875 0.65703125 0.0359375 0.0359375
0 0.90625 0.4984375 0.01875 0.01875