0 0.190625 0.58828125 0.1109375 0.10625
0 0.065625 0.62734375 0.1234375 0.1265625
0 0.57421875 0.49296875 0.0703125 0.103125
0 0.4375 0.234375 0.0421875 0.0453125
0 0.3953125 0.234375 0.03125 0.0296875
0 0.446875 0.4234375 0.1359375 0.1046875
0 0.17109375 0.453125 0.059375 0.040625
0 0.95859375 0.4375 0.021875 0.021875
0 0.86015625 0.52890625 0.01875 0.01875
0 0.734375 0.56796875 0.028125 0.040625
0 0.07421875 0.43984375 0.0390625 0.0328125
0 0.06171875 0.4703125 0.0359375 0.0359375
0 0.00625 0.4484375 0.0125 0.025
0 0.4515625 0.26796875 0.034375 0.03125
0 0.92734375 0.62578125 0.0328125 0.028125