0 0.315625 0.8125 0.0359375 0.0390625
0 0.1578125 0.38203125 0.046875 0.028125
0 0.19375 0.459375 0.0296875 0.034375
0 0.0453125 0.3734375 0.04375 0.0421875
0 0.03125 0.32265625 0.0484375 0.0390625
0 0.00625 0.3515625 0.0125 0.040625
0 0.0578125 0.2453125 0.0328125 0.0375
0 0.0328125 0.19296875 0.0375 0.0328125
0 0.2671875 0.1515625 0.0359375 0.0375
0 0.24140625 0.16015625 0.015625 0.0265625
0 0.65703125 0.38203125 0.0328125 0.0390625
0 0.96484375 0.41796875 0.0359375 0.0421875
0 0.9796875 0.69453125 0.040625 0.0515625
0 0.65078125 0.60703125 0.0390625 0.0453125