0 0.10546875 0.74453125 0.0203125 0.021875
0 0.121875 0.76328125 0.0359375 0.0359375
0 0.16171875 0.734375 0.0234375 0.025
0 0.37734375 0.81875 0.021875 0.021875
0 0.34765625 0.525 0.021875 0.021875
0 0.32421875 0.53359375 0.021875 0.01875
0 0.21015625 0.5890625 0.0203125 0.0171875
0 0.0671875 0.4484375 0.025 0.025
0 0.1140625 0.47109375 0.0171875 0.015625
0 0.096875 0.4828125 0.0171875 0.0125
0 0.0359375 0.346875 0.021875 0.0171875
0 0.08671875 0.3375 0.0109375 0.0109375
0 0.1015625 0.3296875 0.0109375 0.009375
0 0.39375 0.5140625 0.009375 0.009375
0 0.36171875 0.49765625 0.0109375 0.0078125
0 0.375 0.49765625 0.009375 0.009375
0 0.38359375 0.5015625 0.00625 0.0078125
0 0.4125 0.4640625 0.0078125 0.0109375
0 0.4234375 0.46640625 0.009375 0.0109375
0 0.55234375 0.534375 0.0140625 0.0140625
0 0.53671875 0.53984375 0.0078125 0.009375
0 0.6609375 0.70625 0.0140625 0.0140625
0 0.65 0.7046875 0.0125 0.0125
0 0.6625 0.71953125 0.009375 0.0109375
0 0.596875 0.83359375 0.0125 0.0125
0 0.6140625 0.8359375 0.0109375 0.0109375
0 0.8296875 0.58515625 0.0125 0.0125
0 0.8234375 0.5984375 0.015625 0.0140625
0 0.95859375 0.4359375 0.0109375 0.009375
0 0.9734375 0.44921875 0.0234375 0.0125
0 0.68828125 0.378125 0.0234375 0.0140625
0 0.69453125 0.390625 0.0109375 0.0109375
0 0.7265625 0.334375 0.0203125 0.015625
0 0.57265625 0.428125 0.0109375 0.0171875
0 0.58046875 0.4359375 0.0140625 0.0140625
0 0.4375 0.34296875 0.0109375 0.009375
0 0.3921875 0.36328125 0.009375 0.0109375
0 0.4046875 0.36484375 0.009375 0.0109375
0 0.42421875 0.371875 0.0109375 0.0125
0 0.27734375 0.2109375 0.015625 0.009375
0 0.290625 0.27421875 0.0171875 0.01875
0 0.275 0.2734375 0.009375 0.009375
0 0.16875 0.2015625 0.0171875 0.0109375
0 0.13671875 0.2078125 0.0109375 0.0078125
0 0.1734375 0.1703125 0.009375 0.00625
0 0.2984375 0.146875 0.0125 0.0109375
0 0.14609375 0.0734375 0.021875 0.015625
0 0.08515625 0.27109375 0.021875 0.015625
0 0.659375 0.559375 0.021875 0.01875
0 0.709375 0.49921875 0.0078125 0.0078125
0 0.29453125 0.19921875 0.0078125 0.0046875
0 0.64609375 0.38671875 0.01875 0.0125
0 0.64921875 0.37109375 0.0125 0.0109375
0 0.65625 0.2796875 0.009375 0.0109375
0 0.69140625 0.25 0.009375 0.009375
0 0.6671875 0.2875 0.0046875 0.0046875
0 0.67421875 0.278125 0.0078125 0.0109375
0 0.7015625 0.26015625 0.0109375 0.0140625