0 0.56640625 0.69765625 0.0140625 0.015625
0 0.53203125 0.74375 0.0125 0.0125
0 0.51796875 0.75390625 0.0203125 0.01875
0 0.55703125 0.6234375 0.0171875 0.0125
0 0.56796875 0.61484375 0.0109375 0.00625
0 0.46328125 0.5796875 0.0203125 0.009375
0 0.4515625 0.62265625 0.0109375 0.0140625
0 0.46875 0.60859375 0.0078125 0.0125
0 0.48046875 0.5796875 0.0078125 0.0140625
0 0.44375 0.85703125 0.01875 0.01875
0 0.4828125 0.86328125 0.0171875 0.01875
0 0.48125 0.878125 0.0203125 0.0140625
0 0.503125 0.859375 0.015625 0.0140625
0 0.5 0.87578125 0.0140625 0.009375
0 0.57265625 0.80625 0.0140625 0.0109375
0 0.55078125 0.70703125 0.021875 0.0171875
0 0.85546875 0.6453125 0.0203125 0.028125
0 0.82109375 0.546875 0.015625 0.0109375
0 0.8328125 0.515625 0.01875 0.0203125
0 0.8546875 0.5609375 0.015625 0.0125
0 0.86953125 0.56015625 0.009375 0.0109375