0 0.575 0.784375 0.021875 0.0234375
0 0.34765625 0.8703125 0.03125 0.0328125
0 0.31875 0.865625 0.021875 0.0203125
0 0.309375 0.69140625 0.025 0.0203125
0 0.38828125 0.56328125 0.0234375 0.0234375
0 0.37578125 0.5828125 0.01875 0.0171875
0 0.75390625 0.67734375 0.0140625 0.0140625
0 0.7703125 0.67109375 0.0125 0.0125
0 0.73984375 0.5421875 0.0125 0.0140625
0 0.74609375 0.5546875 0.009375 0.009375
0 0.7296875 0.54765625 0.0109375 0.009375
0 0.11328125 0.653125 0.028125 0.0234375
0 0.16640625 0.64609375 0.0125 0.0125
0 0.1609375 0.665625 0.0109375 0.009375
0 0.0171875 0.59140625 0.0203125 0.0140625
0 0.0515625 0.55703125 0.0140625 0.0140625
0 0.059375 0.53984375 0.0109375 0.0109375
0 0.00859375 0.49921875 0.0171875 0.0171875
0 0.01171875 0.41875 0.0125 0.0109375
0 0.03515625 0.39140625 0.015625 0.0125
0 0.01796875 0.36171875 0.0078125 0.00625
0 0.13203125 0.3390625 0.0140625 0.0109375
0 0.1828125 0.3859375 0.015625 0.01875
0 0.16953125 0.3953125 0.0125 0.0125
0 0.37578125 0.5375 0.0078125 0.00625
0 0.38671875 0.53046875 0.0078125 0.00625
0 0.39765625 0.52890625 0.0078125 0.0078125
0 0.41015625 0.53203125 0.0078125 0.0078125
0 0.39765625 0.47890625 0.009375 0.009375
0 0.40703125 0.4765625 0.009375 0.009375
0 0.55859375 0.46015625 0.0140625 0.0140625
0 0.54765625 0.4734375 0.009375 0.009375
0 0.6625 0.42109375 0.01875 0.0171875
0 0.66953125 0.34375 0.00625 0.00625
0 0.85 0.14609375 0.0125 0.009375
0 0.86328125 0.15078125 0.0125 0.009375
0 0.875 0.1453125 0.0109375 0.0078125
0 0.59765625 0.1875 0.015625 0.0125
0 0.58515625 0.24765625 0.01875 0.0140625
0 0.55546875 0.28046875 0.0140625 0.0125
0 0.35 0.3625 0.009375 0.0109375
0 0.33125 0.40390625 0.0203125 0.0171875
0 0.3578125 0.39453125 0.00625 0.0109375
0 0.140625 0.3171875 0.0046875 0.0046875
0 0.11171875 0.26796875 0.0125 0.0109375
0 0.525 0.36640625 0.0078125 0.0078125
0 0.51328125 0.359375 0.015625 0.015625
0 0.48125 0.3625 0.0078125 0.0078125