0 0.09765625 0.3828125 0.0296875 0.0296875
0 0.07421875 0.39921875 0.028125 0.021875
0 0.11328125 0.62265625 0.034375 0.025
0 0.28046875 0.834375 0.053125 0.05625
0 0.69765625 0.459375 0.0328125 0.040625
0 0.65234375 0.28984375 0.0234375 0.0234375
0 0.76640625 0.24296875 0.0203125 0.0234375
0 0.80234375 0.21875 0.0203125 0.021875
0 0.84453125 0.51953125 0.028125 0.0265625
0 0.82265625 0.30078125 0.0203125 0.015625
0 0.634375 0.3375 0.01875 0.0203125
0 0.6828125 0.328125 0.0171875 0.0171875
0 0.6609375 0.36953125 0.0140625 0.0171875
0 0.58046875 0.38359375 0.0109375 0.0140625
0 0.609375 0.38984375 0.0125 0.0140625