0 0.2109375 0.8078125 0.05 0.046875
0 0.17421875 0.85390625 0.0375 0.0359375
0 0.153125 0.87578125 0.021875 0.0234375
0 0.26875 0.6734375 0.0109375 0.0125
0 0.28671875 0.66171875 0.0109375 0.009375
0 0.30078125 0.66015625 0.0109375 0.009375
0 0.31796875 0.66640625 0.009375 0.009375
0 0.31171875 0.58984375 0.009375 0.0109375
0 0.32578125 0.58828125 0.0140625 0.0140625
0 0.5265625 0.58046875 0.0171875 0.0171875
0 0.5109375 0.5984375 0.0140625 0.0125
0 0.75625 0.69921875 0.0171875 0.0203125
0 0.74296875 0.70546875 0.0140625 0.0125
0 0.76796875 0.71484375 0.0140625 0.0140625
0 0.84609375 0.47578125 0.0140625 0.0125
0 0.84296875 0.459375 0.0171875 0.0109375
0 0.65 0.53515625 0.0140625 0.0140625
0 0.2671875 0.4359375 0.0109375 0.0109375
0 0.22265625 0.48828125 0.009375 0.0125
0 0.2390625 0.48203125 0.009375 0.0125
0 0.2671875 0.47734375 0.0140625 0.0171875
0 0.66328125 0.44140625 0.0109375 0.009375
0 0.471875 0.44375 0.0109375 0.009375
0 0.4859375 0.45703125 0.0078125 0.009375
0 0.48984375 0.44453125 0.0078125 0.0109375
0 0.47109375 0.453125 0.0171875 0.009375
0 0.43359375 0.45 0.015625 0.0109375
0 0.559375 0.32734375 0.0125 0.0125
0 0.57109375 0.3234375 0.0140625 0.0140625
0 0.58125 0.334375 0.0078125 0.0125
0 0.57734375 0.27109375 0.0203125 0.021875
0 0.47109375 0.24453125 0.009375 0.0109375
0 0.484375 0.24765625 0.0109375 0.0109375
0 0.4921875 0.1921875 0.0203125 0.0171875
0 0.00390625 0.44609375 0.0078125 0.0265625
0 0.20234375 0.63828125 0.009375 0.009375
0 0.18828125 0.65078125 0.015625 0.0125
0 0.52578125 0.35859375 0.0234375 0.015625
0 0.51015625 0.36875 0.009375 0.0109375
0 0.5140625 0.3546875 0.015625 0.0140625
0 0.55390625 0.42265625 0.0125 0.0109375
0 0.9375 0.309375 0.0125 0.0109375
0 0.95859375 0.30546875 0.0171875 0.0109375
0 0.82421875 0.26640625 0.0140625 0.0140625
0 0.86328125 0.2546875 0.0140625 0.0125
0 0.8796875 0.25 0.0125 0.009375
0 0.775 0.29140625 0.015625 0.0125
0 0.78203125 0.30078125 0.021875 0.0125
0 0.85078125 0.23203125 0.028125 0.0296875