0 0.39296875 0.440625 0.0328125 0.0515625
0 0.309375 0.4140625 0.05 0.05
0 0.3640625 0.40546875 0.0515625 0.034375
0 0.13515625 0.55 0.0546875 0.046875
0 0.109375 0.57421875 0.03125 0.0375
0 0.19296875 0.52890625 0.0453125 0.0375
0 0.32421875 0.734375 0.0296875 0.0265625
0 0.853125 0.5078125 0.0328125 0.040625
0 0.85 0.328125 0.0234375 0.0265625
0 0.81484375 0.36953125 0.0296875 0.0203125
0 0.40078125 0.28125 0.0203125 0.0203125
0 0.42578125 0.2953125 0.025 0.0296875
0 0.37734375 0.29140625 0.0109375 0.0203125
0 0.10859375 0.17734375 0.028125 0.0328125
0 0.1328125 0.1484375 0.025 0.028125
0 0.040625 0.1453125 0.025 0.0203125
0 0.29375 0.49609375 0.028125 0.015625
0 0.203125 0.48515625 0.0125 0.0171875
0 0.4953125 0.6984375 0.03125 0.028125
0 0.7578125 0.6921875 0.0296875 0.0265625