0 0.3046875 0.80625 0.034375 0.0375
0 0.1625 0.3703125 0.0453125 0.0265625
0 0.1953125 0.4484375 0.028125 0.0328125
0 0.05 0.3578125 0.0421875 0.040625
0 0.0375 0.30625 0.046875 0.0375
0 0.009375 0.334375 0.0171875 0.040625
0 0.0671875 0.2296875 0.03125 0.0359375
0 0.04375 0.1765625 0.0359375 0.03125
0 0.2796875 0.14375 0.034375 0.0359375
0 0.253125 0.1515625 0.0140625 0.0265625
0 0.6609375 0.3875 0.03125 0.0375
0 0.9671875 0.434375 0.034375 0.040625
0 0.9765625 0.7109375 0.046875 0.05
0 0.646875 0.6125 0.0375 0.04375