0 0.215625 0.584375 0.025 0.028125
0 0.23203125 0.54375 0.0375 0.028125
0 0.4109375 0.55703125 0.028125 0.0265625
0 0.51484375 0.5640625 0.0375 0.0484375
0 0.2828125 0.5484375 0.0484375 0.0515625
0 0.225 0.45 0.0359375 0.0265625
0 0.540625 0.21640625 0.025 0.025
0 0.54453125 0.25234375 0.0328125 0.0203125
0 0.6125 0.253125 0.025 0.0140625
0 0.559375 0.225 0.0203125 0.028125
0 0.95390625 0.3078125 0.0265625 0.025
0 0.66171875 0.59296875 0.0484375 0.0375
0 0.74140625 0.60546875 0.03125 0.0265625
0 0.36875 0.82890625 0.0515625 0.040625
0 0.278125 0.16953125 0.0296875 0.0265625