0 0.1765625 0.8328125 0.015625 0.01875
0 0.196875 0.846875 0.0296875 0.0296875
0 0.228125 0.809375 0.01875 0.021875
0 0.4578125 0.8390625 0.0171875 0.01875
0 0.3578125 0.5609375 0.0171875 0.01875
0 0.3375 0.575 0.01875 0.0140625
0 0.240625 0.65625 0.0171875 0.0140625
0 0.0671875 0.5546875 0.0203125 0.0203125
0 0.11875 0.565625 0.0140625 0.0125
0 0.1046875 0.58125 0.015625 0.009375
0 0.0125 0.4640625 0.01875 0.0125
0 0.059375 0.4421875 0.009375 0.009375
0 0.071875 0.43125 0.009375 0.0078125
0 0.4 0.5390625 0.0078125 0.0078125
0 0.365625 0.53125 0.009375 0.00625
0 0.378125 0.528125 0.0078125 0.0078125
0 0.3875 0.5296875 0.0046875 0.00625
0 0.40625 0.4859375 0.00625 0.009375
0 0.4171875 0.4859375 0.0078125 0.009375
0 0.559375 0.5203125 0.0109375 0.0125
0 0.5453125 0.5296875 0.00625 0.0078125
0 0.70625 0.6609375 0.0109375 0.0125
0 0.6953125 0.6625 0.009375 0.0109375
0 0.7109375 0.6734375 0.0078125 0.009375
0 0.675 0.8 0.009375 0.0109375
0 0.6921875 0.7984375 0.009375 0.009375
0 0.840625 0.503125 0.0109375 0.009375
0 0.8375 0.5171875 0.0140625 0.0109375
0 0.9296875 0.3265625 0.009375 0.0078125
0 0.946875 0.3359375 0.021875 0.0078125
0 0.653125 0.3359375 0.021875 0.009375
0 0.6625 0.346875 0.009375 0.009375
0 0.6796875 0.284375 0.01875 0.0109375
0 0.553125 0.4125 0.0078125 0.015625
0 0.5625 0.41875 0.0109375 0.0125
0 0.4015625 0.3625 0.009375 0.0078125
0 0.3625 0.39375 0.0078125 0.009375
0 0.375 0.3921875 0.0078125 0.009375
0 0.3953125 0.39375 0.0078125 0.0109375
0 0.2140625 0.2734375 0.0140625 0.00625
0 0.2421875 0.33125 0.0140625 0.015625
0 0.2265625 0.334375 0.0078125 0.0078125
0 0.10625 0.290625 0.015625 0.0078125
0 0.0765625 0.3046875 0.009375 0.00625
0 0.103125 0.259375 0.0078125 0.0046875
0 0.21875 0.20625 0.0109375 0.0078125
0 0.053125 0.171875 0.0203125 0.0109375
0 0.0421875 0.378125 0.0203125 0.0109375
0 0.66875 0.51875 0.01875 0.0140625
0 0.703125 0.4484375 0.00625 0.00625
0 0.228125 0.2578125 0.0078125 0.003125
0 0.6140625 0.3546875 0.0171875 0.0078125
0 0.6140625 0.3390625 0.0109375 0.0078125
0 0.5984375 0.2484375 0.0078125 0.009375
0 0.625 0.2109375 0.0078125 0.0078125
0 0.6109375 0.253125 0.0046875 0.003125
0 0.615625 0.2421875 0.00625 0.009375
0 0.6375 0.21875 0.0078125 0.0125