0 0.08359375 0.75546875 0.0609375 0.0484375
0 0.02265625 0.41953125 0.0234375 0.021875
0 0.009375 0.4390625 0.01875 0.015625
0 0.29921875 0.47734375 0.0234375 0.021875
0 0.32578125 0.46328125 0.0234375 0.0234375
0 0.3375 0.446875 0.0078125 0.0078125
0 0.353125 0.44375 0.009375 0.009375
0 0.36328125 0.4484375 0.0078125 0.0078125
0 0.3734375 0.45859375 0.009375 0.0078125
0 0.3890625 0.403125 0.0078125 0.0109375
0 0.39921875 0.40546875 0.0109375 0.0109375
0 0.55078125 0.4625 0.015625 0.015625
0 0.53515625 0.4703125 0.009375 0.009375
0 0.653125 0.465625 0.0078125 0.0125
0 0.665625 0.48046875 0.0140625 0.0125
0 0.67578125 0.62890625 0.0125 0.0140625
0 0.66484375 0.628125 0.009375 0.0078125
0 0.67890625 0.64296875 0.0125 0.0109375
0 0.4 0.784375 0.0234375 0.021875
0 0.21796875 0.18984375 0.015625 0.0203125
0 0.1921875 0.10625 0.01875 0.0109375
0 0.21484375 0.0921875 0.0078125 0.0078125
0 0.40234375 0.26640625 0.0125 0.0125
0 0.525 0.334375 0.009375 0.009375
0 0.55 0.35 0.0046875 0.0046875
0 0.559375 0.346875 0.0109375 0.0171875
0 0.565625 0.35859375 0.0109375 0.0078125
0 0.57265625 0.35078125 0.00625 0.00625
0 0.6359375 0.290625 0.01875 0.0125
0 0.675 0.2765625 0.0109375 0.0109375
0 0.6859375 0.27734375 0.0140625 0.0140625
0 0.6890625 0.28984375 0.009375 0.0109375
0 0.96171875 0.321875 0.0109375 0.009375
0 0.9796875 0.3265625 0.0109375 0.0078125
0 0.99375 0.328125 0.0078125 0.0078125
0 0.62421875 0.76328125 0.0125 0.0140625
0 0.64375 0.76328125 0.009375 0.009375
0 0.721875 0.225 0.015625 0.0109375
0 0.72421875 0.23359375 0.009375 0.00625
0 0.6390625 0.1671875 0.0109375 0.0125
0 0.65 0.175 0.0078125 0.0109375
0 0.6578125 0.1640625 0.009375 0.0125
0 0.28515625 0.40625 0.009375 0.0078125
0 0.296875 0.40390625 0.0125 0.0125
0 0.2359375 0.40859375 0.0078125 0.00625