0 0.14296875 0.51796875 0.0390625 0.05
0 0.19609375 0.515625 0.0421875 0.0421875
0 0.2765625 0.54375 0.03125 0.03125
0 0.2828125 0.51953125 0.0390625 0.021875
0 0.3359375 0.44296875 0.0359375 0.0328125
0 0.92578125 0.74375 0.0453125 0.0375
0 0.95234375 0.71015625 0.0359375 0.0515625
0 0.9140625 0.4515625 0.0265625 0.0265625
0 0.84765625 0.3734375 0.0359375 0.0265625
0 0.60703125 0.4984375 0.025 0.021875
0 0.2265625 0.5140625 0.01875 0.0203125
0 0.703125 0.62734375 0.0328125 0.0328125
0 0.90078125 0.434375 0.01875 0.0171875