0 0.08359375 0.7484375 0.0859375 0.090625
0 0.1375 0.584375 0.0265625 0.021875
0 0.11875 0.5609375 0.01875 0.01875
0 0.28671875 0.421875 0.0390625 0.0390625
0 0.47578125 0.5828125 0.021875 0.0234375
0 0.59375 0.7046875 0.0296875 0.0265625
0 0.565625 0.81171875 0.0390625 0.034375
0 0.521875 0.6078125 0.0296875 0.0421875
0 0.51015625 0.57265625 0.028125 0.015625
0 0.9015625 0.59296875 0.0390625 0.0296875
0 0.87890625 0.61640625 0.0375 0.0265625
0 0.94765625 0.665625 0.0265625 0.0171875
0 0.86875 0.6328125 0.01875 0.0171875
0 0.89375 0.65546875 0.01875 0.015625
0 0.871875 0.659375 0.009375 0.0078125
0 0.94609375 0.7421875 0.0265625 0.0328125
0 0.7328125 0.42109375 0.01875 0.01875
0 0.34296875 0.4640625 0.025 0.01875