0 0.640625 0.790625 0.046875 0.040625
0 0.60625 0.803125 0.021875 0.01875
0 0.640625 0.8375 0.0734375 0.0390625
0 0.625 0.8625 0.065625 0.025
0 0.425 0.5234375 0.0234375 0.021875
0 0.5296875 0.490625 0.03125 0.01875
0 0.525 0.5296875 0.0390625 0.046875
0 0.4875 0.5203125 0.015625 0.015625
0 0.5421875 0.4296875 0.0328125 0.0296875
0 0.478125 0.3703125 0.0640625 0.05
0 0.55625 0.3453125 0.046875 0.040625
0 0.840625 0.225 0.021875 0.0265625
0 0.9046875 0.31875 0.01875 0.015625
0 0.653125 0.4453125 0.0171875 0.0125
0 0.6390625 0.41875 0.015625 0.0171875