0 0.86953125 0.80390625 0.08125 0.0625
0 0.88984375 0.65078125 0.03125 0.025
0 0.57265625 0.54140625 0.05 0.05
0 0.62109375 0.5484375 0.034375 0.0328125
0 0.62109375 0.5765625 0.0484375 0.0359375
0 0.54453125 0.67109375 0.021875 0.0203125
0 0.55625 0.64765625 0.0203125 0.0203125
0 0.43515625 0.7140625 0.021875 0.021875
0 0.3109375 0.85859375 0.021875 0.025
0 0.07265625 0.85 0.025 0.0296875
0 0.19453125 0.796875 0.0265625 0.0265625
0 0.346875 0.84140625 0.025 0.021875
0 0.21015625 0.69296875 0.0234375 0.025
0 0.16328125 0.74453125 0.028125 0.0265625
0 0.1890625 0.73828125 0.01875 0.0265625
0 0.20546875 0.7171875 0.0375 0.0265625
0 0.09453125 0.51953125 0.028125 0.0203125
0 0.0296875 0.42421875 0.021875 0.0203125
0 0.0390625 0.4640625 0.025 0.0203125
0 0.26796875 0.37734375 0.01875 0.0171875
0 0.28203125 0.253125 0.028125 0.028125
0 0.2296875 0.2453125 0.0140625 0.0140625
0 0.2453125 0.24296875 0.015625 0.0125
0 0.39375 0.25 0.0203125 0.01875
0 0.3765625 0.23671875 0.0171875 0.01875
0 0.46953125 0.159375 0.021875 0.01875
0 0.63359375 0.25390625 0.025 0.0203125
0 0.6875 0.19375 0.01875 0.0171875
0 0.575 0.446875 0.0296875 0.0234375
0 0.69375 0.41328125 0.021875 0.0234375
0 0.753125 0.17890625 0.021875 0.01875
0 0.53359375 0.1734375 0.0125 0.015625
0 0.55 0.18828125 0.0125 0.0171875
0 0.565625 0.18828125 0.0140625 0.0125
0 0.83984375 0.24453125 0.0171875 0.0125
0 0.90078125 0.40234375 0.0171875 0.0296875
0 0.06484375 0.740625 0.0171875 0.0125
0 0.50625 0.3859375 0.0140625 0.0109375
0 0.703125 0.35703125 0.0296875 0.025
0 0.64765625 0.32734375 0.0171875 0.015625