0 0.18046875 0.82421875 0.05625 0.065625
0 0.25234375 0.8359375 0.0703125 0.0859375
0 0.51015625 0.828125 0.040625 0.059375
0 0.6625 0.6078125 0.034375 0.0375
0 0.66484375 0.5484375 0.0421875 0.028125
0 0.75390625 0.6234375 0.075 0.0578125
0 0.790625 0.56875 0.0328125 0.0546875
0 0.9796875 0.709375 0.040625 0.034375
0 0.9625 0.7546875 0.0328125 0.0140625
0 0.8765625 0.3203125 0.01875 0.01875
0 0.88203125 0.34453125 0.0140625 0.01875
0 0.82421875 0.20078125 0.028125 0.0453125
0 0.86484375 0.178125 0.040625 0.0453125
0 0.240625 0.3203125 0.04375 0.0421875
0 0.2140625 0.334375 0.0140625 0.0171875
0 0.01015625 0.15234375 0.0203125 0.0296875
0 0.20390625 0.17734375 0.0125 0.0140625
0 0.215625 0.1625 0.0109375 0.0109375
0 0.56875 0.390625 0.0390625 0.0234375
0 0.7140625 0.39921875 0.0171875 0.015625
0 0.60859375 0.3625 0.0109375 0.009375
0 0.57109375 0.346875 0.0109375 0.0109375
0 0.58515625 0.3453125 0.009375 0.0109375
0 0.59453125 0.3515625 0.0109375 0.0109375
0 0.609375 0.3078125 0.0234375 0.0140625