0 0.26015625 0.61015625 0.03125 0.028125
0 0.234375 0.640625 0.034375 0.0296875
0 0.128125 0.78046875 0.0359375 0.0265625
0 0.71015625 0.76328125 0.0140625 0.015625
0 0.87734375 0.73671875 0.015625 0.0140625
0 0.70078125 0.59765625 0.0171875 0.0171875
0 0.6875 0.60390625 0.0125 0.009375
0 0.7078125 0.6125 0.0125 0.0125
0 0.9953125 0.48125 0.009375 0.01875
0 0.51015625 0.48671875 0.0140625 0.0140625
0 0.4953125 0.49921875 0.0125 0.009375
0 0.32109375 0.48671875 0.0109375 0.0109375
0 0.33125 0.48515625 0.0109375 0.0125
0 0.3265625 0.55078125 0.0109375 0.009375
0 0.31171875 0.54609375 0.009375 0.009375
0 0.30078125 0.546875 0.0109375 0.009375
0 0.284375 0.553125 0.0109375 0.0109375
0 0.21328125 0.53203125 0.0125 0.00625
0 0.0453125 0.33984375 0.01875 0.025
0 0.0234375 0.34921875 0.015625 0.01875
0 0.23984375 0.39140625 0.0109375 0.0140625
0 0.25546875 0.38671875 0.0109375 0.0140625
0 0.2796875 0.38359375 0.0125 0.015625
0 0.28046875 0.34375 0.0109375 0.0125
0 0.55703125 0.2515625 0.009375 0.0125
0 0.56875 0.24921875 0.0171875 0.0140625
0 0.57734375 0.26015625 0.0140625 0.0125
0 0.58515625 0.1921875 0.0171875 0.01875
0 0.4921875 0.165625 0.009375 0.009375
0 0.47734375 0.1609375 0.0078125 0.0125
0 0.521875 0.27578125 0.0265625 0.0234375
0 0.48359375 0.37265625 0.009375 0.009375
0 0.4640625 0.371875 0.009375 0.009375
0 0.471875 0.365625 0.0140625 0.015625
0 0.6140625 0.44921875 0.009375 0.0109375
0 0.6296875 0.45390625 0.0171875 0.0125
0 0.80546875 0.39453125 0.0140625 0.009375
0 0.80859375 0.40859375 0.0203125 0.0125