0 0.55390625 0.8515625 0.109375 0.0625
0 0.33828125 0.7984375 0.0390625 0.04375
0 0.1765625 0.825 0.0171875 0.01875
0 0.36953125 0.434375 0.04375 0.0421875
0 0.36875 0.471875 0.0421875 0.034375
0 0.40546875 0.46328125 0.025 0.025
0 0.43203125 0.371875 0.0296875 0.0234375
0 0.90703125 0.55 0.0203125 0.034375
0 0.92734375 0.575 0.028125 0.0203125
0 0.903125 0.353125 0.0171875 0.0140625
0 0.746875 0.23515625 0.0203125 0.0171875
0 0.62890625 0.25078125 0.0234375 0.015625
0 0.5578125 0.37109375 0.0140625 0.0140625
0 0.56328125 0.35703125 0.0109375 0.0078125
0 0.5 0.32265625 0.0078125 0.009375
0 0.52265625 0.29140625 0.0125 0.015625
0 0.50859375 0.2921875 0.0109375 0.0109375
0 0.48984375 0.2 0.0203125 0.0203125
0 0.465625 0.203125 0.00625 0.0109375
0 0.41796875 0.1765625 0.01875 0.0171875
0 0.1171875 0.22109375 0.0234375 0.0171875
0 0.16953125 0.315625 0.015625 0.0171875
0 0.18671875 0.32578125 0.015625 0.0171875
0 0.1890625 0.309375 0.0078125 0.0109375
0 0.07734375 0.521875 0.0203125 0.01875
0 0.0109375 0.51953125 0.021875 0.0171875
0 0.00703125 0.50078125 0.0140625 0.0171875
0 0.0234375 0.48203125 0.0125 0.0125
0 0.034375 0.465625 0.0171875 0.015625
0 0.07265625 0.4765625 0.0109375 0.009375
0 0.140625 0.509375 0.01875 0.015625
0 0.15703125 0.51640625 0.025 0.0171875
0 0.1921875 0.4921875 0.015625 0.009375
0 0.18671875 0.4984375 0.0171875 0.0125
0 0.175 0.51015625 0.03125 0.01875
0 0.16328125 0.615625 0.021875 0.0140625
0 0.29921875 0.521875 0.03125 0.0359375
0 0.5796875 0.140625 0.0203125 0.015625
0 0.7125 0.2140625 0.0328125 0.0296875