0 0.4625 0.79921875 0.0390625 0.0421875
0 0.45078125 0.7390625 0.05625 0.059375
0 0.19609375 0.86015625 0.0484375 0.0453125
0 0.18984375 0.79609375 0.0375 0.034375
0 0.21015625 0.765625 0.0234375 0.034375
0 0.17265625 0.7578125 0.0328125 0.034375
0 0.03359375 0.6765625 0.0328125 0.0296875
0 0.8 0.4203125 0.0421875 0.053125
0 0.303125 0.4578125 0.0203125 0.0203125
0 0.21484375 0.4703125 0.0140625 0.0140625
0 0.1484375 0.4046875 0.0203125 0.0234375
0 0.09765625 0.4125 0.0171875 0.0140625
0 0.2203125 0.18203125 0.0265625 0.0203125
0 0.51875 0.29609375 0.021875 0.0234375
0 0.778125 0.1890625 0.0171875 0.0140625
0 0.5609375 0.625 0.040625 0.0265625
0 0.771875 0.66484375 0.0265625 0.034375