0 0.45234375 0.27890625 0.0203125 0.0140625
0 0.11171875 0.15390625 0.0109375 0.0078125
0 0.1015625 0.16796875 0.009375 0.0109375
0 0.06328125 0.165625 0.015625 0.0109375
0 0.12265625 0.25625 0.025 0.021875
0 0.103125 0.32890625 0.0234375 0.021875
0 0.078125 0.33671875 0.01875 0.0125
0 0.03671875 0.5671875 0.021875 0.0234375
0 0.0625 0.57265625 0.034375 0.028125
0 0.23359375 0.51796875 0.040625 0.0296875
0 0.26640625 0.50546875 0.0125 0.0140625
0 0.2109375 0.603125 0.025 0.0265625
0 0.45390625 0.575 0.015625 0.015625
0 0.38984375 0.31328125 0.0234375 0.0234375
0 0.371875 0.32578125 0.0125 0.0109375
0 0.59609375 0.334375 0.015625 0.015625
0 0.57890625 0.3390625 0.0125 0.009375
0 0.4609375 0.1296875 0.0125 0.0109375
0 0.41484375 0.16171875 0.009375 0.0109375
0 0.42578125 0.1609375 0.009375 0.009375
0 0.44765625 0.1703125 0.009375 0.0109375
0 0.08046875 0.0875 0.0171875 0.0171875
0 0.70703125 0.4921875 0.0109375 0.0125
0 0.7 0.33828125 0.0125 0.009375
0 0.70859375 0.35234375 0.0078125 0.009375
0 0.6203125 0.22578125 0.009375 0.009375
0 0.6046875 0.21640625 0.00625 0.00625
0 0.6125 0.21484375 0.0109375 0.015625
0 0.76328125 0.27734375 0.00625 0.00625
0 0.7078125 0.50546875 0.0109375 0.009375
0 0.69609375 0.4921875 0.009375 0.0078125
0 0.76875 0.7625 0.015625 0.015625
0 0.6625 0.5984375 0.0125 0.0140625
0 0.646875 0.596875 0.0125 0.0125
0 0.83828125 0.86328125 0.028125 0.025