0 0.3796875 0.8515625 0.0625 0.065625
0 0.3765625 0.73359375 0.0625 0.0671875
0 0.4515625 0.71171875 0.09375 0.0984375
0 0.5171875 0.7421875 0.0265625 0.0375
0 0.6390625 0.684375 0.0546875 0.0609375
0 0.725 0.3671875 0.0453125 0.040625
0 0.85546875 0.3328125 0.046875 0.0640625
0 0.8421875 0.39375 0.0875 0.078125
0 0.7453125 0.41015625 0.046875 0.0453125
0 0.55625 0.28203125 0.046875 0.0375
0 0.52734375 0.23203125 0.0265625 0.021875
0 0.51875 0.275 0.0375 0.0234375
0 0.17734375 0.3328125 0.03125 0.0296875
0 0.9046875 0.16484375 0.0234375 0.0203125
0 0.72578125 0.05625 0.0375 0.0296875