0 0.04375 0.7515625 0.0625 0.0765625
0 0.2109375 0.834375 0.0828125 0.0796875
0 0.3109375 0.803125 0.05 0.04375
0 0.5671875 0.6078125 0.0328125 0.034375
0 0.4859375 0.3515625 0.05625 0.059375
0 0.53125 0.3359375 0.0390625 0.05
0 0.415625 0.3859375 0.03125 0.05
0 0.35 0.3921875 0.0359375 0.0171875
0 0.6265625 0.2140625 0.0515625 0.046875
0 0.6734375 0.184375 0.0671875 0.084375
0 0.771875 0.2125 0.03125 0.071875
0 0.834375 0.2765625 0.015625 0.01875
0 0.65 0.5890625 0.025 0.028125
0 0.0296875 0.3828125 0.009375 0.0140625