0 0.15703125 0.74296875 0.059375 0.0609375
0 0.09375 0.61484375 0.0734375 0.059375
0 0.05078125 0.4734375 0.05625 0.05
0 0.3953125 0.684375 0.0359375 0.0375
0 0.39921875 0.63203125 0.0375 0.0421875
0 0.36640625 0.578125 0.0484375 0.0390625
0 0.45625 0.690625 0.0375 0.05
0 0.5171875 0.57890625 0.0328125 0.0328125
0 0.359375 0.47109375 0.04375 0.0453125
0 0.4703125 0.5046875 0.0359375 0.0359375
0 0.37578125 0.4390625 0.034375 0.03125
0 0.396875 0.4890625 0.03125 0.0328125
0 0.928125 0.5890625 0.0421875 0.0421875
0 0.8984375 0.53125 0.0296875 0.025
0 0.5078125 0.265625 0.03125 0.0296875
0 0.49921875 0.23828125 0.0328125 0.0234375
0 0.265625 0.1125 0.03125 0.0265625
0 0.0953125 0.07109375 0.0234375 0.025
0 0.4703125 0.2609375 0.021875 0.03125