0 0.06328125 0.68203125 0.0234375 0.01875
0 0.09375 0.67421875 0.01875 0.0171875
0 0.115625 0.67734375 0.0203125 0.01875
0 0.13671875 0.68984375 0.021875 0.01875
0 0.14765625 0.7203125 0.0203125 0.01875
0 0.00703125 0.603125 0.0140625 0.01875
0 0.171875 0.58515625 0.0171875 0.0203125
0 0.190625 0.5875 0.01875 0.01875
0 0.40078125 0.69609375 0.0203125 0.01875
0 0.42890625 0.678125 0.0234375 0.025
0 0.6390625 0.8890625 0.01875 0.01875
0 0.6234375 0.8953125 0.01875 0.015625
0 0.64140625 0.90078125 0.015625 0.015625
0 0.81484375 0.65 0.0234375 0.015625
0 0.8125 0.66875 0.0234375 0.01875
0 0.58984375 0.66953125 0.028125 0.021875
0 0.19296875 0.38828125 0.0171875 0.015625
0 0.171875 0.42734375 0.0203125 0.0109375
0 0.17109375 0.43984375 0.015625 0.015625
0 0.1328125 0.4296875 0.01875 0.0140625
0 0.11015625 0.43125 0.01875 0.021875
0 0.3796875 0.47265625 0.01875 0.0125
0 0.4234375 0.48515625 0.0140625 0.0140625
0 0.4421875 0.49375 0.0140625 0.0140625
0 0.43515625 0.50546875 0.0140625 0.0140625
0 0.41796875 0.4953125 0.0203125 0.0125
0 0.5640625 0.3953125 0.0140625 0.015625
0 0.5859375 0.4125 0.015625 0.015625
0 0.578125 0.396875 0.0171875 0.01875
0 0.60234375 0.33515625 0.0171875 0.0140625
0 0.6078125 0.346875 0.0171875 0.0125
0 0.54453125 0.221875 0.025 0.021875
0 0.5015625 0.26875 0.0109375 0.0125
0 0.51484375 0.2796875 0.0109375 0.0125
0 0.52265625 0.26484375 0.0140625 0.0140625
0 0.52421875 0.415625 0.0140625 0.0140625
0 0.51171875 0.41484375 0.015625 0.0171875
0 0.50390625 0.3984375 0.0140625 0.0140625
0 0.6328125 0.56015625 0.0171875 0.0140625
0 0.52109375 0.49140625 0.0140625 0.0140625
0 0.86953125 0.409375 0.03125 0.0296875
0 0.871875 0.44296875 0.015625 0.0125
0 0.89140625 0.440625 0.015625 0.0109375
0 0.8359375 0.42890625 0.01875 0.015625
0 0.78359375 0.44375 0.0265625 0.0234375
0 0.940625 0.515625 0.0203125 0.0140625
0 0.9703125 0.51328125 0.025 0.021875
0 0.91015625 0.440625 0.015625 0.0140625