0 0.00703125 0.66875 0.0140625 0.028125
0 0.040625 0.3609375 0.0359375 0.03125
0 0.31875 0.51015625 0.028125 0.0265625
0 0.37890625 0.54921875 0.028125 0.028125
0 0.4046875 0.5609375 0.021875 0.0234375
0 0.390625 0.5796875 0.0265625 0.0265625
0 0.35859375 0.5625 0.0171875 0.0171875
0 0.37265625 0.5703125 0.021875 0.0234375
0 0.5203125 0.56171875 0.01875 0.01875
0 0.84921875 0.596875 0.03125 0.0328125
0 0.9296875 0.46796875 0.04375 0.0390625
0 0.9265625 0.509375 0.0203125 0.0171875
0 0.8890625 0.48984375 0.0296875 0.0265625
0 0.88359375 0.52265625 0.025 0.01875
0 0.8265625 0.5 0.0328125 0.0296875
0 0.5984375 0.43359375 0.028125 0.0265625
0 0.6328125 0.46171875 0.01875 0.021875
0 0.6171875 0.4359375 0.025 0.021875
0 0.53828125 0.45625 0.01875 0.01875
0 0.51796875 0.45625 0.0203125 0.0203125
0 0.64453125 0.3484375 0.0203125 0.01875
0 0.65078125 0.36484375 0.0171875 0.0140625
0 0.62734375 0.34609375 0.015625 0.0140625
0 0.5390625 0.25390625 0.01875 0.01875
0 0.521875 0.23515625 0.01875 0.0203125
0 0.5515625 0.2359375 0.015625 0.0171875
0 0.503125 0.221875 0.0140625 0.015625
0 0.59609375 0.16875 0.03125 0.03125
0 0.61796875 0.18828125 0.0265625 0.0265625
0 0.309375 0.4140625 0.0203125 0.01875