0 0.39453125 0.5390625 0.0296875 0.034375
0 0.3046875 0.521875 0.0375 0.03125
0 0.375 0.56484375 0.01875 0.0203125
0 0.4 0.565625 0.0296875 0.0265625
0 0.4328125 0.53671875 0.0234375 0.0265625
0 0.43046875 0.56875 0.03125 0.0328125
0 0.578125 0.47734375 0.021875 0.021875
0 0.496875 0.34765625 0.0265625 0.03125
0 0.5234375 0.334375 0.028125 0.03125
0 0.54921875 0.328125 0.0296875 0.0328125
0 0.62578125 0.24921875 0.0578125 0.034375
0 0.6828125 0.265625 0.021875 0.03125
0 0.6125 0.14765625 0.0265625 0.03125
0 0.25 0.42265625 0.0265625 0.025
0 0.78984375 0.73359375 0.0375 0.0296875
0 0.93046875 0.36328125 0.0359375 0.0375
0 0.91953125 0.23125 0.021875 0.0234375
0 0.95859375 0.1875 0.025 0.03125
0 0.8609375 0.2703125 0.0359375 0.0296875