0 0.53125 0.70625 0.0125 0.0140625
0 0.4890625 0.7453125 0.0109375 0.0109375
0 0.4734375 0.753125 0.0171875 0.015625
0 0.534375 0.63125 0.015625 0.009375
0 0.546875 0.625 0.0109375 0.0046875
0 0.45 0.571875 0.01875 0.00625
0 0.43125 0.6125 0.009375 0.0125
0 0.45 0.6015625 0.00625 0.0109375
0 0.4671875 0.575 0.00625 0.0125
0 0.3828125 0.8421875 0.015625 0.015625
0 0.4203125 0.8546875 0.0140625 0.0171875
0 0.415625 0.86875 0.01875 0.0109375
0 0.440625 0.8546875 0.0140625 0.0125
0 0.434375 0.8703125 0.0125 0.0078125
0 0.51875 0.8140625 0.0125 0.009375
0 0.5140625 0.7125 0.0203125 0.0140625
0 0.825 0.7046875 0.015625 0.0265625
0 0.8078125 0.6015625 0.0140625 0.009375
0 0.825 0.5734375 0.015625 0.0171875
0 0.8390625 0.621875 0.0140625 0.0109375
0 0.853125 0.6234375 0.0078125 0.009375