0 0.71953125 0.73671875 0.05625 0.053125
0 0.68984375 0.75859375 0.0265625 0.025
0 0.7328125 0.78125 0.08125 0.059375
0 0.72578125 0.81015625 0.0703125 0.04375
0 0.43515625 0.54453125 0.028125 0.028125
0 0.52578125 0.48203125 0.0359375 0.0265625
0 0.5328125 0.52109375 0.0515625 0.05625
0 0.49375 0.5234375 0.01875 0.01875
0 0.51953125 0.4203125 0.040625 0.0375
0 0.44140625 0.38203125 0.0765625 0.0671875
0 0.50859375 0.3359375 0.05625 0.053125
0 0.7453125 0.1375 0.028125 0.03125
0 0.834375 0.20859375 0.021875 0.0203125
0 0.63046875 0.403125 0.0203125 0.0171875
0 0.609375 0.38203125 0.0203125 0.0203125