0 0.14609375 0.8359375 0.0546875 0.0375
0 0.01640625 0.5203125 0.0203125 0.0171875
0 0.0078125 0.5421875 0.015625 0.0125
0 0.29921875 0.51953125 0.0203125 0.0171875
0 0.321875 0.5 0.01875 0.01875
0 0.33046875 0.48125 0.00625 0.00625
0 0.34453125 0.47578125 0.0078125 0.0078125
0 0.35546875 0.478125 0.00625 0.00625
0 0.36796875 0.4859375 0.0078125 0.00625
0 0.37109375 0.428125 0.00625 0.009375
0 0.38203125 0.42890625 0.009375 0.009375
0 0.5421875 0.453125 0.0125 0.0125
0 0.528125 0.46328125 0.0078125 0.0078125
0 0.64296875 0.434375 0.0046875 0.0109375
0 0.65859375 0.44609375 0.0125 0.009375
0 0.6984375 0.58984375 0.009375 0.0125
0 0.6875 0.590625 0.0078125 0.00625
0 0.7046875 0.60234375 0.0109375 0.0078125
0 0.46171875 0.79921875 0.0203125 0.0171875
0 0.16015625 0.25546875 0.0109375 0.01875
0 0.1171875 0.17890625 0.0171875 0.00625
0 0.13671875 0.1609375 0.00625 0.00625
0 0.35546875 0.29140625 0.0109375 0.0109375
0 0.48984375 0.33203125 0.0078125 0.0078125
0 0.51796875 0.34296875 0.0046875 0.003125
0 0.52578125 0.33828125 0.0078125 0.015625
0 0.53515625 0.34765625 0.009375 0.00625
0 0.53984375 0.3390625 0.0046875 0.0046875
0 0.5890625 0.2671875 0.0171875 0.0078125
0 0.62421875 0.24453125 0.009375 0.009375
0 0.6359375 0.24375 0.0125 0.0109375
0 0.64140625 0.2546875 0.0078125 0.009375
0 0.9140625 0.2296875 0.009375 0.0078125
0 0.9328125 0.23046875 0.009375 0.00625
0 0.946875 0.2296875 0.00625 0.00625
0 0.6765625 0.73125 0.009375 0.0125
0 0.6953125 0.72734375 0.0078125 0.0078125
0 0.659375 0.18515625 0.0140625 0.0078125
0 0.6640625 0.19296875 0.0078125 0.0046875
0 0.5671875 0.14609375 0.0078125 0.0109375
0 0.5796875 0.15078125 0.00625 0.009375
0 0.584375 0.13828125 0.00625 0.0109375
0 0.2703125 0.453125 0.0078125 0.00625
0 0.28125 0.4484375 0.0109375 0.009375
0 0.22265625 0.465625 0.00625 0.0046875