0 0.1578125 0.60390625 0.0328125 0.046875
0 0.20859375 0.5890625 0.0375 0.0375
0 0.29375 0.596875 0.028125 0.028125
0 0.29375 0.571875 0.0375 0.0171875
0 0.32734375 0.484375 0.0328125 0.028125
0 0.971875 0.63359375 0.0421875 0.03125
0 0.98671875 0.59453125 0.0265625 0.0484375
0 0.88984375 0.353125 0.025 0.0234375
0 0.80703125 0.29296875 0.034375 0.021875
0 0.603125 0.47265625 0.0234375 0.0203125
0 0.23828125 0.5796875 0.0171875 0.01875
0 0.72734375 0.57421875 0.0296875 0.0296875
0 0.8734375 0.33984375 0.015625 0.015625