0 0.2390625 0.53984375 0.028125 0.025
0 0.20625 0.5625 0.0328125 0.0265625
0 0.06484375 0.6671875 0.034375 0.0234375
0 0.6296875 0.8109375 0.0125 0.015625
0 0.796875 0.83203125 0.015625 0.0125
0 0.665625 0.64921875 0.015625 0.015625
0 0.6515625 0.6515625 0.0109375 0.009375
0 0.66875 0.665625 0.0125 0.0125
0 0.98515625 0.61953125 0.0140625 0.01875
0 0.51328125 0.48984375 0.0140625 0.0140625
0 0.4953125 0.49765625 0.0109375 0.009375
0 0.33125 0.43828125 0.0109375 0.0109375
0 0.3421875 0.4390625 0.0109375 0.0109375
0 0.31953125 0.5015625 0.009375 0.009375
0 0.30625 0.4921875 0.0078125 0.0078125
0 0.2953125 0.48984375 0.009375 0.009375
0 0.278125 0.49140625 0.0109375 0.0109375
0 0.215625 0.4515625 0.0125 0.00625
0 0.10703125 0.22109375 0.0171875 0.0234375
0 0.08359375 0.2234375 0.0140625 0.01875
0 0.28046875 0.32421875 0.0109375 0.0125
0 0.29609375 0.3234375 0.0109375 0.0125
0 0.3203125 0.32734375 0.0109375 0.0140625
0 0.33203125 0.2890625 0.0109375 0.0109375
0 0.62265625 0.27734375 0.009375 0.0109375
0 0.63515625 0.278125 0.0171875 0.0125
0 0.640625 0.29140625 0.0140625 0.0125
0 0.66640625 0.22734375 0.015625 0.0171875
0 0.58515625 0.1765625 0.0078125 0.0078125
0 0.57109375 0.1671875 0.0078125 0.0109375
0 0.5828125 0.290625 0.025 0.0203125
0 0.51875 0.37265625 0.0078125 0.0078125
0 0.50078125 0.36640625 0.0078125 0.0078125
0 0.51015625 0.3625 0.0125 0.015625
0 0.62421875 0.4828125 0.009375 0.009375
0 0.6375 0.49140625 0.015625 0.0109375
0 0.82265625 0.4828125 0.0125 0.009375
0 0.821875 0.496875 0.01875 0.0109375