0 0.4 0.55234375 0.0328125 0.0359375
0 0.30859375 0.54609375 0.0390625 0.034375
0 0.38359375 0.5796875 0.0203125 0.021875
0 0.40859375 0.57734375 0.0328125 0.0296875
0 0.43828125 0.54453125 0.025 0.0296875
0 0.4390625 0.5765625 0.034375 0.0359375
0 0.57421875 0.46875 0.025 0.025
0 0.478125 0.34921875 0.0296875 0.034375
0 0.503125 0.3328125 0.03125 0.0328125
0 0.528125 0.3234375 0.0328125 0.034375
0 0.59453125 0.2359375 0.059375 0.0390625
0 0.653125 0.2453125 0.025 0.0328125
0 0.56875 0.1359375 0.0296875 0.034375
0 0.2421875 0.45390625 0.0296875 0.0265625
0 0.81640625 0.69609375 0.0390625 0.034375
0 0.91015625 0.3125 0.0390625 0.040625
0 0.88359375 0.18203125 0.025 0.0265625
0 0.9171875 0.134375 0.028125 0.034375
0 0.83046875 0.228125 0.0375 0.0328125