0 0.14921875 0.53125 0.028125 0.028125
0 0.17265625 0.4953125 0.028125 0.021875
0 0.3453125 0.5375 0.0234375 0.028125
0 0.21875 0.51171875 0.0375 0.0484375
0 0.1875 0.41171875 0.0328125 0.0203125
0 0.23515625 0.4671875 0.015625 0.015625
0 0.53984375 0.24140625 0.0265625 0.025
0 0.5640625 0.25859375 0.0203125 0.0171875
0 0.5578125 0.2828125 0.0171875 0.01875
0 0.90625 0.37265625 0.0390625 0.046875
0 0.91953125 0.5953125 0.05625 0.065625
0 0.45 0.56796875 0.0453125 0.0484375
0 0.5984375 0.28203125 0.01875 0.0125
0 0.58125 0.2875 0.0125 0.009375
0 0.56484375 0.30546875 0.0109375 0.00625