0 0.21015625 0.19765625 0.03125 0.03125
0 0.18125 0.2 0.0296875 0.0234375
0 0.103125 0.41328125 0.0359375 0.0265625
0 0.14296875 0.6796875 0.05625 0.0578125
0 0.69140625 0.56328125 0.034375 0.0421875
0 0.73671875 0.39453125 0.0234375 0.025
0 0.859375 0.41015625 0.0203125 0.0234375
0 0.90234375 0.40703125 0.021875 0.0234375
0 0.78828125 0.68984375 0.028125 0.028125
0 0.8796875 0.48828125 0.0203125 0.0171875
0 0.69765625 0.4265625 0.0203125 0.0203125
0 0.74453125 0.4421875 0.0171875 0.0171875
0 0.7046875 0.46796875 0.015625 0.01875
0 0.628125 0.43984375 0.0109375 0.0140625
0 0.65 0.459375 0.0125 0.0140625