0 0.24296875 0.58046875 0.053125 0.0484375
0 0.36875 0.609375 0.0421875 0.05625
0 0.42421875 0.59765625 0.03125 0.0359375
0 0.42265625 0.64453125 0.05 0.059375
0 0.34296875 0.6515625 0.034375 0.0296875
0 0.3796875 0.65234375 0.0484375 0.040625
0 0.17265625 0.45234375 0.0328125 0.028125
0 0.6640625 0.15 0.08125 0.0703125
0 0.75703125 0.16328125 0.0390625 0.059375
0 0.9140625 0.1640625 0.0296875 0.0265625
0 0.85078125 0.20859375 0.028125 0.01875
0 0.87109375 0.2171875 0.0203125 0.0171875
0 0.60234375 0.484375 0.0296875 0.0265625
0 0.97421875 0.53359375 0.0515625 0.0484375
0 0.53125 0.2859375 0.0390625 0.046875
0 0.56640625 0.2765625 0.0375 0.04375
0 0.48828125 0.3140625 0.0296875 0.04375
0 0.42578125 0.31484375 0.0265625 0.01875
0 0.703125 0.50078125 0.015625 0.0125
0 0.6953125 0.4875 0.0125 0.0140625
0 0.928125 0.21015625 0.0171875 0.015625