0 0.56015625 0.7875 0.0203125 0.021875
0 0.32890625 0.86171875 0.0296875 0.03125
0 0.3 0.85546875 0.021875 0.01875
0 0.3 0.68125 0.025 0.0203125
0 0.38515625 0.55703125 0.021875 0.021875
0 0.371875 0.57578125 0.01875 0.0171875
0 0.74453125 0.690625 0.0125 0.0125
0 0.7609375 0.68515625 0.0125 0.0109375
0 0.73671875 0.5546875 0.0125 0.0140625
0 0.74296875 0.5671875 0.009375 0.009375
0 0.72734375 0.56015625 0.0109375 0.009375
0 0.10546875 0.6328125 0.028125 0.021875
0 0.159375 0.628125 0.0109375 0.0125
0 0.15234375 0.64765625 0.0109375 0.009375
0 0.01328125 0.565625 0.0203125 0.0140625
0 0.04921875 0.53359375 0.0125 0.0125
0 0.0578125 0.5171875 0.0109375 0.0109375
0 0.00859375 0.4734375 0.0171875 0.015625
0 0.01640625 0.39375 0.0125 0.009375
0 0.04140625 0.3671875 0.015625 0.0125
0 0.02578125 0.33671875 0.0078125 0.00625
0 0.140625 0.31953125 0.0140625 0.0109375
0 0.1890625 0.36953125 0.015625 0.01875
0 0.175 0.378125 0.0125 0.0109375
0 0.37421875 0.53046875 0.0078125 0.00625
0 0.38515625 0.525 0.0078125 0.00625
0 0.39609375 0.52421875 0.0078125 0.0078125
0 0.40859375 0.52734375 0.0078125 0.0078125
0 0.39921875 0.4734375 0.009375 0.009375
0 0.40859375 0.47109375 0.009375 0.009375
0 0.56015625 0.46328125 0.0125 0.0125
0 0.54921875 0.47578125 0.009375 0.009375
0 0.66640625 0.4296875 0.01875 0.0171875
0 0.678125 0.353125 0.00625 0.00625
0 0.86875 0.16484375 0.0125 0.0078125
0 0.88046875 0.1703125 0.0125 0.0078125
0 0.89296875 0.165625 0.0109375 0.0078125
0 0.61328125 0.19296875 0.015625 0.0125
0 0.5984375 0.253125 0.01875 0.0125
0 0.5671875 0.284375 0.0140625 0.0125
0 0.3578125 0.3546875 0.009375 0.0109375
0 0.3359375 0.3953125 0.0203125 0.015625
0 0.36328125 0.3875 0.00625 0.0109375
0 0.15078125 0.2984375 0.0046875 0.0046875
0 0.12421875 0.2484375 0.0125 0.009375
0 0.53203125 0.3671875 0.0078125 0.0078125
0 0.52109375 0.36015625 0.015625 0.015625
0 0.4890625 0.36171875 0.0078125 0.0078125