0 0.19765625 0.840625 0.059375 0.0671875
0 0.2703125 0.8484375 0.075 0.0890625
0 0.52734375 0.82734375 0.04375 0.0625
0 0.66796875 0.59921875 0.0375 0.0390625
0 0.6671875 0.53984375 0.04375 0.03125
0 0.76015625 0.61015625 0.0765625 0.0609375
0 0.79375 0.553125 0.034375 0.05625
0 0.984375 0.684375 0.03125 0.0375
0 0.975 0.7296875 0.034375 0.015625
0 0.86640625 0.30078125 0.0203125 0.0203125
0 0.8734375 0.325 0.015625 0.0203125
0 0.80859375 0.18359375 0.0296875 0.046875
0 0.84765625 0.159375 0.0421875 0.0484375
0 0.23125 0.33359375 0.046875 0.0453125
0 0.20625 0.35 0.015625 0.01875
0 0.1875 0.19296875 0.0140625 0.015625
0 0.1984375 0.178125 0.0109375 0.0109375
0 0.5625 0.3875 0.040625 0.0265625
0 0.70859375 0.38828125 0.01875 0.0171875
0 0.6015625 0.35703125 0.0109375 0.009375
0 0.5625 0.34375 0.0109375 0.0109375
0 0.5765625 0.34140625 0.009375 0.0109375
0 0.58671875 0.346875 0.0109375 0.0109375
0 0.59921875 0.30234375 0.025 0.015625