0 0.153125 0.740625 0.0421875 0.0390625
0 0.1078125 0.778125 0.03125 0.0296875
0 0.0828125 0.7953125 0.01875 0.0203125
0 0.2375 0.621875 0.009375 0.0109375
0 0.2578125 0.6140625 0.009375 0.0078125
0 0.271875 0.615625 0.009375 0.0078125
0 0.2875 0.625 0.0078125 0.0078125
0 0.296875 0.5484375 0.0078125 0.009375
0 0.3109375 0.55 0.0109375 0.0125
0 0.509375 0.584375 0.0140625 0.0140625
0 0.490625 0.5984375 0.0125 0.009375
0 0.709375 0.7484375 0.0140625 0.0171875
0 0.6953125 0.7515625 0.0125 0.009375
0 0.7171875 0.765625 0.0109375 0.0125
0 0.84375 0.5484375 0.0125 0.009375
0 0.84375 0.53125 0.015625 0.0078125
0 0.6390625 0.565625 0.0125 0.0125
0 0.2859375 0.3890625 0.009375 0.009375
0 0.23125 0.43125 0.0078125 0.0109375
0 0.2484375 0.428125 0.0078125 0.0109375
0 0.2765625 0.4296875 0.0109375 0.015625
0 0.671875 0.4765625 0.009375 0.0078125
0 0.484375 0.4390625 0.009375 0.0078125
0 0.4953125 0.4546875 0.00625 0.0078125
0 0.5015625 0.44375 0.00625 0.009375
0 0.48125 0.4484375 0.015625 0.00625
0 0.4453125 0.4375 0.0140625 0.0078125
0 0.59375 0.34375 0.0109375 0.0109375
0 0.60625 0.3421875 0.0125 0.0109375
0 0.6140625 0.3546875 0.00625 0.0109375
0 0.6234375 0.2921875 0.0171875 0.01875
0 0.525 0.24375 0.0078125 0.009375
0 0.5375 0.25 0.009375 0.009375
0 0.55625 0.196875 0.0171875 0.0140625
0 0.01875 0.34375 0.0171875 0.0234375
0 0.1796875 0.5734375 0.0078125 0.0078125
0 0.1640625 0.5828125 0.0140625 0.009375
0 0.5546875 0.3671875 0.021875 0.0109375
0 0.5375 0.3734375 0.0078125 0.009375
0 0.54375 0.3609375 0.0140625 0.0109375
0 0.56875 0.4359375 0.0109375 0.009375
0 0.9671875 0.4046875 0.0109375 0.009375
0 0.9890625 0.4046875 0.015625 0.0078125
0 0.865625 0.3390625 0.0125 0.0109375
0 0.90625 0.3359375 0.0125 0.009375
0 0.9234375 0.334375 0.0109375 0.0078125
0 0.8125 0.353125 0.0140625 0.009375
0 0.8171875 0.3640625 0.0203125 0.0078125
0 0.8984375 0.3109375 0.0234375 0.025