0 0.3890625 0.4484375 0.0359375 0.0546875
0 0.30390625 0.428125 0.053125 0.053125
0 0.3578125 0.41484375 0.0546875 0.0375
0 0.13984375 0.57578125 0.05625 0.05
0 0.11484375 0.60078125 0.034375 0.040625
0 0.1953125 0.55 0.0484375 0.0390625
0 0.34140625 0.74609375 0.03125 0.0296875
0 0.853125 0.48359375 0.0359375 0.04375
0 0.8375 0.30390625 0.025 0.028125
0 0.80546875 0.34765625 0.03125 0.0234375
0 0.3859375 0.2890625 0.021875 0.021875
0 0.41171875 0.30078125 0.028125 0.03125
0 0.36328125 0.3 0.0125 0.021875
0 0.08671875 0.20546875 0.03125 0.034375
0 0.109375 0.175 0.028125 0.0296875
0 0.0171875 0.178125 0.0265625 0.021875
0 0.29375 0.51015625 0.0296875 0.01875
0 0.20234375 0.50546875 0.0140625 0.01875
0 0.509375 0.6984375 0.0328125 0.03125
0 0.77109375 0.67421875 0.03125 0.0296875