0 0.2390625 0.88359375 0.01875 0.021875
0 0.26171875 0.89453125 0.034375 0.034375
0 0.2859375 0.8515625 0.021875 0.025
0 0.5171875 0.84140625 0.0203125 0.021875
0 0.3703125 0.584375 0.0203125 0.021875
0 0.353125 0.60234375 0.0203125 0.0171875
0 0.271875 0.69921875 0.01875 0.0171875
0 0.08359375 0.62890625 0.0234375 0.0234375
0 0.1359375 0.63046875 0.015625 0.0140625
0 0.125 0.6484375 0.0171875 0.0125
0 0.01328125 0.54921875 0.0203125 0.015625
0 0.05625 0.51953125 0.0109375 0.0109375
0 0.06640625 0.50625 0.0109375 0.009375
0 0.40859375 0.55546875 0.009375 0.009375
0 0.3734375 0.55390625 0.0109375 0.0078125
0 0.38515625 0.54921875 0.009375 0.009375
0 0.39453125 0.5484375 0.00625 0.00625
0 0.40546875 0.50234375 0.0078125 0.0109375
0 0.415625 0.50078125 0.009375 0.0109375
0 0.56171875 0.509375 0.0125 0.0140625
0 0.55 0.52109375 0.0078125 0.009375
0 0.73125 0.62265625 0.0125 0.0140625
0 0.7203125 0.62578125 0.0109375 0.0125
0 0.7375 0.634375 0.009375 0.0109375
0 0.72421875 0.76484375 0.0109375 0.0125
0 0.74140625 0.76015625 0.0109375 0.0109375
0 0.8359375 0.44375 0.0125 0.0109375
0 0.83515625 0.45859375 0.015625 0.0125
0 0.89296875 0.2546875 0.0109375 0.009375
0 0.91171875 0.2609375 0.0234375 0.0109375
0 0.62265625 0.31171875 0.0234375 0.0125
0 0.63359375 0.32109375 0.0109375 0.0109375
0 0.63984375 0.25625 0.0203125 0.0140625
0 0.5375 0.4046875 0.0109375 0.0171875
0 0.54765625 0.409375 0.0125 0.0140625
0 0.37890625 0.38203125 0.0109375 0.009375
0 0.34609375 0.41953125 0.009375 0.0109375
0 0.3578125 0.415625 0.009375 0.0109375
0 0.378125 0.41328125 0.009375 0.0125
0 0.17890625 0.3265625 0.015625 0.009375
0 0.2171875 0.37890625 0.0171875 0.0171875
0 0.20234375 0.384375 0.009375 0.009375
0 0.07578125 0.3625 0.0171875 0.0109375
0 0.04921875 0.38125 0.0109375 0.0078125
0 0.0671875 0.33203125 0.0078125 0.00625
0 0.171875 0.259375 0.0125 0.009375
0 0.00703125 0.25390625 0.0140625 0.0140625
0 0.028125 0.459375 0.021875 0.0140625
0 0.66953125 0.4890625 0.0203125 0.0171875
0 0.69140625 0.4140625 0.0078125 0.0078125
0 0.18984375 0.30859375 0.0078125 0.0046875
0 0.58671875 0.33671875 0.01875 0.0109375
0 0.584375 0.321875 0.0125 0.009375
0 0.553125 0.23515625 0.009375 0.0109375
0 0.57265625 0.19375 0.009375 0.009375
0 0.56640625 0.2375 0.0046875 0.003125
0 0.56875 0.22578125 0.0078125 0.0109375
0 0.58671875 0.19921875 0.009375 0.0140625