0 0.2984375 0.86875 0.059375 0.0609375
0 0.18515625 0.78125 0.0734375 0.059375
0 0.084375 0.67265625 0.05625 0.05
0 0.4859375 0.71171875 0.0359375 0.0375
0 0.4671875 0.66328125 0.0375 0.0421875
0 0.4140625 0.62890625 0.0484375 0.0390625
0 0.54375 0.690625 0.0375 0.05
0 0.55 0.5640625 0.0328125 0.0328125
0 0.3609375 0.53515625 0.04375 0.0453125
0 0.475 0.5171875 0.0359375 0.0359375
0 0.36171875 0.5 0.034375 0.03125
0 0.40234375 0.53515625 0.03125 0.0328125
0 0.92421875 0.3921875 0.0421875 0.0421875
0 0.871875 0.353125 0.0296875 0.025
0 0.40390625 0.28671875 0.03125 0.0296875
0 0.38515625 0.26484375 0.0328125 0.0234375
0 0.11953125 0.2546875 0.03125 0.0265625
0 0.36796875 0.29765625 0.021875 0.03125