0 0.1109375 0.76875 0.0203125 0.0140625
0 0.1390625 0.7546875 0.015625 0.0140625
0 0.1609375 0.753125 0.0171875 0.015625
0 0.184375 0.7609375 0.01875 0.015625
0 0.2015625 0.7890625 0.0171875 0.015625
0 0.034375 0.7046875 0.021875 0.0140625
0 0.0109375 0.7171875 0.0203125 0.0171875
0 0.196875 0.6515625 0.0140625 0.0171875
0 0.215625 0.65 0.015625 0.015625
0 0.44375 0.7125 0.0171875 0.015625
0 0.4671875 0.6890625 0.01875 0.021875
0 0.7171875 0.8515625 0.015625 0.015625
0 0.703125 0.8609375 0.0171875 0.0125
0 0.721875 0.8625 0.0140625 0.0125
0 0.8390625 0.58125 0.021875 0.0109375
0 0.840625 0.6 0.0203125 0.0140625
0 0.6234375 0.646875 0.025 0.0171875
0 0.1765625 0.4546875 0.015625 0.0125
0 0.1640625 0.496875 0.01875 0.0078125
0 0.165625 0.509375 0.0140625 0.0125
0 0.1265625 0.5078125 0.0171875 0.0109375
0 0.1046875 0.5140625 0.015625 0.01875
0 0.3765625 0.4984375 0.0171875 0.009375
0 0.421875 0.5015625 0.0125 0.0109375
0 0.4421875 0.50625 0.0125 0.0109375
0 0.4375 0.51875 0.0125 0.0109375
0 0.41875 0.5125 0.01875 0.009375
0 0.540625 0.384375 0.0109375 0.0140625
0 0.565625 0.396875 0.0125 0.0140625
0 0.5546875 0.3828125 0.0140625 0.015625
0 0.565625 0.3171875 0.015625 0.0109375
0 0.5734375 0.328125 0.015625 0.009375
0 0.4859375 0.21875 0.021875 0.0171875
0 0.453125 0.2734375 0.009375 0.0109375
0 0.46875 0.28125 0.009375 0.0109375
0 0.4734375 0.265625 0.0109375 0.0125
0 0.50625 0.4125 0.0109375 0.0125
0 0.49375 0.4140625 0.0125 0.015625
0 0.4828125 0.4 0.0125 0.0125
0 0.6421875 0.53125 0.015625 0.0109375
0 0.51875 0.4875 0.0125 0.0125
0 0.8421875 0.334375 0.0265625 0.025
0 0.8515625 0.3671875 0.0140625 0.009375
0 0.8703125 0.3609375 0.0140625 0.0078125
0 0.8140625 0.3609375 0.0171875 0.0125
0 0.765625 0.3859375 0.0234375 0.01875
0 0.934375 0.4234375 0.01875 0.0109375
0 0.9625 0.415625 0.021875 0.0171875
0 0.8890625 0.35625 0.0140625 0.0109375