0 0.20390625 0.503125 0.025 0.028125
0 0.2296875 0.46875 0.0375 0.028125
0 0.3984375 0.5296875 0.028125 0.0265625
0 0.496875 0.565625 0.0359375 0.046875
0 0.278125 0.48671875 0.046875 0.05
0 0.24921875 0.3765625 0.0359375 0.025
0 0.6171875 0.2390625 0.025 0.025
0 0.6109375 0.27421875 0.0328125 0.01875
0 0.6765625 0.29375 0.025 0.0140625
0 0.6328125 0.2515625 0.0203125 0.0265625
0 0.9875 0.440625 0.025 0.025
0 0.6296875 0.634375 0.046875 0.0359375
0 0.703125 0.66796875 0.03125 0.025
0 0.2828125 0.78046875 0.05 0.0390625
0 0.378125 0.12109375 0.0296875 0.0265625