0 0.1109375 0.66328125 0.05 0.046875
0 0.05859375 0.690625 0.0375 0.0359375
0 0.03046875 0.70234375 0.021875 0.0234375
0 0.21796875 0.56484375 0.0109375 0.0125
0 0.2390625 0.5609375 0.0109375 0.009375
0 0.253125 0.565625 0.0109375 0.009375
0 0.26640625 0.578125 0.009375 0.009375
0 0.29140625 0.50546875 0.009375 0.0109375
0 0.3046875 0.509375 0.0140625 0.0140625
0 0.49140625 0.584375 0.0171875 0.0171875
0 0.4703125 0.59453125 0.0140625 0.0125
0 0.653125 0.78671875 0.0171875 0.0203125
0 0.6390625 0.78671875 0.0140625 0.0125
0 0.65703125 0.8046875 0.0140625 0.0140625
0 0.82578125 0.61875 0.0140625 0.0125
0 0.8296875 0.60234375 0.0171875 0.0109375
0 0.62265625 0.59296875 0.0140625 0.0140625
0 0.3140625 0.346875 0.0109375 0.0109375
0 0.2515625 0.3765625 0.009375 0.0125
0 0.26875 0.37734375 0.009375 0.0125
0 0.29609375 0.38515625 0.0140625 0.0171875
0 0.67265625 0.5125 0.0109375 0.009375
0 0.49765625 0.4375 0.0109375 0.009375
0 0.5046875 0.4546875 0.0078125 0.009375
0 0.51328125 0.4453125 0.0078125 0.0109375
0 0.4921875 0.4453125 0.0171875 0.009375
0 0.459375 0.42734375 0.015625 0.0109375
0 0.62421875 0.36640625 0.0125 0.0125
0 0.63671875 0.36796875 0.0140625 0.0140625
0 0.64140625 0.38125 0.0078125 0.0125
0 0.6640625 0.32265625 0.0203125 0.021875
0 0.57734375 0.2546875 0.009375 0.0109375
0 0.58828125 0.26328125 0.0109375 0.0109375
0 0.61796875 0.21484375 0.0203125 0.0171875
0 0.06171875 0.246875 0.021875 0.0265625
0 0.17109375 0.50546875 0.009375 0.009375
0 0.15390625 0.5109375 0.015625 0.0125
0 0.58125 0.38125 0.0234375 0.015625
0 0.56328125 0.384375 0.009375 0.0109375
0 0.571875 0.3734375 0.015625 0.0140625
0 0.58046875 0.4515625 0.0125 0.0109375
0 0.9765625 0.50390625 0.0125 0.0109375
0 0.99453125 0.50859375 0.0109375 0.0109375
0 0.89140625 0.41875 0.0140625 0.0140625
0 0.93125 0.42421875 0.0140625 0.0125
0 0.9484375 0.42578125 0.0125 0.009375
0 0.8359375 0.42109375 0.015625 0.0125
0 0.83828125 0.4328125 0.021875 0.0125
0 0.92890625 0.39765625 0.028125 0.0296875