0 0.21875 0.59453125 0.0265625 0.028125
0 0.23359375 0.553125 0.0375 0.0296875
0 0.41328125 0.56015625 0.0296875 0.028125
0 0.5171875 0.56328125 0.0390625 0.0484375
0 0.28515625 0.55625 0.05 0.053125
0 0.2234375 0.46015625 0.0359375 0.028125
0 0.53046875 0.215625 0.025 0.025
0 0.5359375 0.25078125 0.034375 0.021875
0 0.60390625 0.24921875 0.025 0.015625
0 0.54921875 0.22265625 0.021875 0.028125
0 0.946875 0.2921875 0.0265625 0.0265625
0 0.66484375 0.5875 0.0484375 0.0390625
0 0.7453125 0.596875 0.03125 0.0265625
0 0.38046875 0.83359375 0.053125 0.0421875
0 0.2671875 0.17734375 0.03125 0.028125