0 0.14921875 0.56796875 0.0328125 0.046875
0 0.2015625 0.5578125 0.0375 0.0375
0 0.28515625 0.575 0.028125 0.028125
0 0.2875 0.55 0.0375 0.0171875
0 0.3296875 0.46640625 0.0328125 0.028125
0 0.95546875 0.68203125 0.0421875 0.03125
0 0.97734375 0.6453125 0.03125 0.0484375
0 0.903125 0.39453125 0.025 0.0234375
0 0.8265625 0.3265625 0.034375 0.021875
0 0.60546875 0.48359375 0.0234375 0.0203125
0 0.23125 0.5515625 0.0171875 0.01875
0 0.71875 0.59765625 0.0296875 0.0296875
0 0.88828125 0.3796875 0.015625 0.015625