0 0.1546875 0.7328125 0.040625 0.040625
0 0.33671875 0.66953125 0.0296875 0.0265625
0 0.46015625 0.74375 0.028125 0.028125
0 0.41796875 0.75859375 0.025 0.0265625
0 0.503125 0.6515625 0.021875 0.021875
0 0.24140625 0.61796875 0.0328125 0.025
0 0.178125 0.6703125 0.021875 0.0171875
0 0.19296875 0.65859375 0.01875 0.025
0 0.21640625 0.6578125 0.03125 0.034375
0 0.23125 0.63671875 0.046875 0.028125
0 0.6390625 0.59296875 0.0234375 0.0234375
0 0.9140625 0.63359375 0.0296875 0.025
0 0.815625 0.46328125 0.0640625 0.0484375
0 0.765625 0.440625 0.05 0.046875
0 0.75 0.36796875 0.03125 0.0234375
0 0.75859375 0.39140625 0.021875 0.025
0 0.91875 0.428125 0.0171875 0.01875
0 0.4 0.284375 0.0203125 0.0203125
0 0.5015625 0.20546875 0.0171875 0.01875
0 0.49375 0.184375 0.0171875 0.0296875
0 0.37890625 0.18671875 0.028125 0.0328125
0 0.07265625 0.28671875 0.04375 0.0296875
0 0.12578125 0.28359375 0.0265625 0.025
0 0.13203125 0.41796875 0.015625 0.0125
0 0.1546875 0.40859375 0.03125 0.0234375
0 0.1671875 0.3890625 0.0140625 0.0125
0 0.22578125 0.3640625 0.0171875 0.0109375
0 0.2 0.5453125 0.01875 0.03125
0 0.0359375 0.665625 0.025 0.025
0 0.2421875 0.82890625 0.0265625 0.015625
0 0.70625 0.390625 0.0265625 0.0140625
0 0.59453125 0.1421875 0.01875 0.0140625