0 0.0390625 0.74375 0.0640625 0.078125
0 0.20546875 0.82890625 0.084375 0.08125
0 0.30546875 0.8 0.05 0.0453125
0 0.565625 0.60859375 0.0328125 0.034375
0 0.48828125 0.3515625 0.0578125 0.0609375
0 0.534375 0.33671875 0.040625 0.05
0 0.41796875 0.384375 0.0328125 0.05
0 0.3515625 0.38984375 0.0359375 0.0171875
0 0.63125 0.21640625 0.053125 0.0484375
0 0.67890625 0.1875 0.06875 0.0859375
0 0.7765625 0.2171875 0.0328125 0.071875
0 0.83828125 0.2828125 0.015625 0.01875
0 0.6484375 0.59140625 0.025 0.028125
0 0.03203125 0.375 0.009375 0.0140625