0 0.07890625 0.74140625 0.0875 0.090625
0 0.1359375 0.578125 0.0265625 0.021875
0 0.11796875 0.5546875 0.01875 0.01875
0 0.28828125 0.41796875 0.0390625 0.0390625
0 0.475 0.58203125 0.021875 0.0234375
0 0.590625 0.70625 0.0296875 0.0265625
0 0.56015625 0.81328125 0.0390625 0.034375
0 0.51953125 0.6078125 0.0296875 0.0421875
0 0.509375 0.5734375 0.028125 0.015625
0 0.9 0.6 0.0390625 0.0296875
0 0.8765625 0.62265625 0.0375 0.0265625
0 0.94453125 0.6734375 0.0265625 0.01875
0 0.86640625 0.63984375 0.01875 0.0171875
0 0.89140625 0.66171875 0.01875 0.015625
0 0.86953125 0.66640625 0.009375 0.0078125
0 0.94140625 0.75 0.0265625 0.034375
0 0.734375 0.425 0.01875 0.01875
0 0.34375 0.4609375 0.025 0.01875