0 0.2953125 0.759375 0.05 0.0515625
0 0.2109375 0.6953125 0.0328125 0.0359375
0 0.3625 0.7546875 0.03125 0.028125
0 0.3375 0.8140625 0.0421875 0.0578125
0 0.278125 0.8125 0.0671875 0.04375
0 0.65625 0.371875 0.06875 0.0375
0 0.7328125 0.396875 0.028125 0.0375
0 0.6375 0.259375 0.025 0.01875
0 0.65 0.28125 0.01875 0.0203125
0 0.60625 0.2671875 0.0140625 0.0171875
0 0.5375 0.4625 0.03125 0.03125
0 0.503125 0.475 0.034375 0.0390625
0 0.465625 0.4921875 0.0171875 0.0296875
0 0.9796875 0.3703125 0.0234375 0.0203125
0 0.575 0.6609375 0.028125 0.0265625
0 0.378125 0.140625 0.021875 0.0296875