0 0.4390625 0.71484375 0.0265625 0.03125
0 0.4703125 0.678125 0.03125 0.0234375
0 0.50078125 0.703125 0.0359375 0.0484375
0 0.61328125 0.75546875 0.0296875 0.0296875
0 0.79296875 0.48828125 0.025 0.0234375
0 0.80546875 0.453125 0.0296875 0.0203125
0 0.88046875 0.496875 0.0234375 0.0140625
0 0.5859375 0.39140625 0.0140625 0.015625
0 0.4734375 0.5953125 0.0359375 0.021875
0 0.50234375 0.65234375 0.0296875 0.0140625
0 0.1296875 0.66328125 0.059375 0.046875
0 0.2078125 0.78203125 0.0203125 0.0203125