0 0.8359375 0.84140625 0.0765625 0.0546875
0 0.871875 0.690625 0.028125 0.021875
0 0.56796875 0.5484375 0.046875 0.046875
0 0.61484375 0.56015625 0.03125 0.0296875
0 0.6125 0.5890625 0.0453125 0.0328125
0 0.5265625 0.67421875 0.0203125 0.0171875
0 0.53984375 0.65234375 0.01875 0.01875
0 0.41328125 0.70625 0.0203125 0.0203125
0 0.27421875 0.83671875 0.01875 0.0234375
0 0.03828125 0.803125 0.021875 0.0265625
0 0.165625 0.7640625 0.0234375 0.0234375
0 0.31171875 0.8234375 0.0234375 0.01875
0 0.1921875 0.66171875 0.0203125 0.0234375
0 0.13984375 0.7078125 0.025 0.0234375
0 0.165625 0.7046875 0.015625 0.025
0 0.184375 0.68515625 0.034375 0.021875
0 0.09453125 0.47734375 0.0265625 0.0171875
0 0.03984375 0.375 0.0203125 0.0171875
0 0.0453125 0.415625 0.0234375 0.0171875
0 0.28203125 0.35390625 0.0171875 0.015625
0 0.309375 0.23125 0.025 0.025
0 0.2578125 0.21796875 0.0125 0.0125
0 0.2734375 0.21796875 0.0140625 0.0109375
0 0.028125 0.146875 0.0171875 0.0171875
0 0.4203125 0.240625 0.01875 0.0171875
0 0.4046875 0.225 0.015625 0.0171875
0 0.5046875 0.1578125 0.0203125 0.015625
0 0.65859375 0.26875 0.0234375 0.0171875
0 0.71875 0.21484375 0.0171875 0.015625
0 0.58046875 0.4546875 0.028125 0.0203125
0 0.70234375 0.43359375 0.01875 0.021875
0 0.7859375 0.2078125 0.0203125 0.015625
0 0.56796875 0.178125 0.0109375 0.0140625
0 0.58203125 0.1953125 0.0109375 0.015625
0 0.59765625 0.196875 0.0125 0.0109375
0 0.86484375 0.28125 0.015625 0.0109375
0 0.90859375 0.44453125 0.0140625 0.028125
0 0.0421875 0.69375 0.015625 0.0109375
0 0.51796875 0.3875 0.0125 0.009375
0 0.71640625 0.37890625 0.0265625 0.021875
0 0.66484375 0.34375 0.015625 0.0140625