0 0.3375 0.88828125 0.0625 0.0640625
0 0.215625 0.8125 0.0765625 0.0640625
0 0.1046875 0.715625 0.059375 0.0546875
0 0.50859375 0.71171875 0.0375 0.0390625
0 0.484375 0.665625 0.0390625 0.04375
0 0.428125 0.63671875 0.05 0.0421875
0 0.56328125 0.684375 0.040625 0.0515625
0 0.55625 0.55859375 0.034375 0.0359375
0 0.36484375 0.55 0.046875 0.046875
0 0.47734375 0.51953125 0.0375 0.0375
0 0.3625 0.5140625 0.0359375 0.0328125
0 0.40625 0.5453125 0.0328125 0.034375
0 0.9109375 0.3484375 0.0453125 0.04375
0 0.8546875 0.31484375 0.03125 0.0265625
0 0.38203125 0.29765625 0.0328125 0.0328125
0 0.3609375 0.27890625 0.034375 0.0265625
0 0.09609375 0.2953125 0.0328125 0.0296875
0 0.34765625 0.3125 0.0234375 0.03125