0 0.9859375 0.5078125 0.015625 0.01875
0 0.95390625 0.50078125 0.034375 0.0203125
0 0.94453125 0.425 0.0203125 0.015625
0 0.896875 0.54453125 0.0125 0.0140625
0 0.9109375 0.53828125 0.015625 0.0125
0 0.88203125 0.55 0.0171875 0.0171875
0 0.77109375 0.63984375 0.01875 0.015625
0 0.82734375 0.65390625 0.0125 0.0109375
0 0.85703125 0.65 0.021875 0.0296875
0 0.83828125 0.64609375 0.0203125 0.028125
0 0.640625 0.79765625 0.015625 0.0171875
0 0.6546875 0.79453125 0.0140625 0.015625
0 0.83515625 0.36796875 0.021875 0.0171875
0 0.80703125 0.42109375 0.0140625 0.015625
0 0.825 0.4203125 0.0109375 0.0109375
0 0.825 0.40703125 0.0125 0.0125
0 0.9015625 0.3 0.021875 0.01875
0 0.86953125 0.28125 0.021875 0.01875
0 0.36328125 0.5828125 0.01875 0.0109375
0 0.23125 0.646875 0.0203125 0.015625
0 0.190625 0.68203125 0.0140625 0.0140625
0 0.09453125 0.69453125 0.025 0.0203125
0 0.09609375 0.71015625 0.0203125 0.015625
0 0.115625 0.70390625 0.0203125 0.015625
0 0.0953125 0.6765625 0.015625 0.0140625
0 0.13828125 0.6625 0.03125 0.025
0 0.0984375 0.65859375 0.0296875 0.0171875
0 0.21328125 0.528125 0.0234375 0.0140625
0 0.23125 0.60859375 0.0125 0.0125
0 0.4 0.6421875 0.0171875 0.021875
0 0.38359375 0.65 0.0140625 0.015625
0 0.59296875 0.65859375 0.0109375 0.0078125
0 0.5953125 0.66875 0.0125 0.0125
0 0.5671875 0.6671875 0.0140625 0.015625
0 0.5546875 0.6734375 0.015625 0.0203125
0 0.2046875 0.8390625 0.0171875 0.0203125
0 0.21953125 0.81953125 0.01875 0.015625