0 0.43671875 0.2828125 0.0203125 0.0125
0 0.0890625 0.18203125 0.009375 0.0078125
0 0.07890625 0.19609375 0.009375 0.0109375
0 0.04140625 0.196875 0.015625 0.009375
0 0.10625 0.28359375 0.0234375 0.021875
0 0.0921875 0.35703125 0.021875 0.0203125
0 0.06796875 0.36640625 0.01875 0.0109375
0 0.0421875 0.6 0.0203125 0.021875
0 0.06875 0.603125 0.034375 0.025
0 0.2359375 0.53671875 0.040625 0.028125
0 0.2671875 0.521875 0.0125 0.0140625
0 0.21875 0.62265625 0.0234375 0.025
0 0.45859375 0.578125 0.015625 0.0140625
0 0.37734375 0.32109375 0.021875 0.021875
0 0.359375 0.33515625 0.0125 0.0109375
0 0.584375 0.32734375 0.0140625 0.015625
0 0.56796875 0.33359375 0.0125 0.009375
0 0.43515625 0.1328125 0.0125 0.0109375
0 0.39140625 0.16875 0.009375 0.0109375
0 0.40234375 0.1671875 0.009375 0.009375
0 0.425 0.17421875 0.009375 0.0109375
0 0.05234375 0.11796875 0.015625 0.015625
0 0.70546875 0.478125 0.0109375 0.0125
0 0.68828125 0.325 0.0125 0.009375
0 0.69765625 0.33828125 0.0078125 0.0078125
0 0.60078125 0.21796875 0.009375 0.009375
0 0.584375 0.209375 0.0046875 0.0046875
0 0.59296875 0.2078125 0.009375 0.015625
0 0.746875 0.259375 0.0046875 0.00625
0 0.70703125 0.490625 0.0109375 0.009375
0 0.69453125 0.478125 0.0078125 0.0078125
0 0.78671875 0.74296875 0.0140625 0.015625
0 0.66875 0.58671875 0.0125 0.0140625
0 0.653125 0.58671875 0.0125 0.0125
0 0.86328125 0.8390625 0.0265625 0.0234375