0 0.20078125 0.8546875 0.0171875 0.0203125
0 0.221875 0.8671875 0.03125 0.03125
0 0.25 0.82734375 0.0203125 0.0234375
0 0.48125 0.84140625 0.01875 0.0203125
0 0.3625 0.57109375 0.01875 0.0203125
0 0.34296875 0.5859375 0.0203125 0.015625
0 0.25234375 0.67421875 0.01875 0.015625
0 0.071875 0.584375 0.021875 0.021875
0 0.12421875 0.5921875 0.015625 0.0140625
0 0.1109375 0.60859375 0.015625 0.0109375
0 0.0109375 0.4984375 0.0203125 0.0140625
0 0.05625 0.4734375 0.009375 0.009375
0 0.06796875 0.4609375 0.009375 0.0078125
0 0.403125 0.54609375 0.0078125 0.0078125
0 0.36796875 0.540625 0.009375 0.00625
0 0.38046875 0.53671875 0.0078125 0.0078125
0 0.38984375 0.5375 0.0046875 0.00625
0 0.40546875 0.4921875 0.00625 0.009375
0 0.41640625 0.49140625 0.0078125 0.009375
0 0.5609375 0.51640625 0.0125 0.0125
0 0.54765625 0.5265625 0.00625 0.0078125
0 0.7171875 0.64609375 0.0125 0.0125
0 0.70625 0.6484375 0.009375 0.0109375
0 0.72265625 0.65859375 0.0078125 0.009375
0 0.6953125 0.78671875 0.009375 0.0109375
0 0.7125 0.784375 0.009375 0.009375
0 0.83984375 0.4796875 0.0109375 0.009375
0 0.8375 0.49375 0.0140625 0.0125
0 0.91640625 0.296875 0.009375 0.0078125
0 0.934375 0.30546875 0.021875 0.009375
0 0.64140625 0.32578125 0.021875 0.0109375
0 0.6515625 0.3359375 0.009375 0.009375
0 0.6640625 0.27265625 0.01875 0.0125
0 0.546875 0.409375 0.009375 0.015625
0 0.55703125 0.41484375 0.0125 0.0125
0 0.3921875 0.36953125 0.009375 0.0078125
0 0.35546875 0.40390625 0.0078125 0.009375
0 0.36796875 0.40078125 0.0078125 0.009375
0 0.38828125 0.4015625 0.0078125 0.0109375
0 0.19921875 0.29375 0.0140625 0.0078125
0 0.23125 0.35 0.015625 0.0171875
0 0.215625 0.35390625 0.0078125 0.0078125
0 0.09296875 0.31875 0.015625 0.009375
0 0.0640625 0.334375 0.009375 0.00625
0 0.0875 0.2875 0.0078125 0.0046875
0 0.19921875 0.2265625 0.0109375 0.0078125
0 0.03125 0.20390625 0.0203125 0.0125
0 0.03515625 0.41015625 0.0203125 0.0125
0 0.66953125 0.50703125 0.0203125 0.015625
0 0.69921875 0.434375 0.00625 0.00625
0 0.21171875 0.27734375 0.0078125 0.003125
0 0.60390625 0.346875 0.0171875 0.009375
0 0.60234375 0.33125 0.0109375 0.0078125
0 0.58046875 0.2421875 0.0078125 0.009375
0 0.6046875 0.203125 0.0078125 0.0078125
0 0.59375 0.24609375 0.0046875 0.003125
0 0.59765625 0.234375 0.00625 0.009375
0 0.6171875 0.21015625 0.009375 0.0125