0 0.2296875 0.4953125 0.015625 0.015625
0 0.2453125 0.5046875 0.028125 0.0265625
0 0.27421875 0.4875 0.021875 0.021875
0 0.15 0.1265625 0.0109375 0.0109375
0 0.1375 0.1359375 0.0125 0.0125
0 0.09921875 0.134375 0.0125 0.0125
0 0.61796875 0.34375 0.0140625 0.015625
0 0.6 0.3484375 0.009375 0.0078125
0 0.7328125 0.3734375 0.0171875 0.0140625
0 0.72265625 0.359375 0.015625 0.0109375
0 0.715625 0.51328125 0.0140625 0.015625
0 0.7140625 0.52578125 0.0109375 0.0109375
0 0.7046875 0.51171875 0.0109375 0.009375
0 0.778125 0.9015625 0.0203125 0.01875
0 0.45234375 0.57578125 0.0171875 0.01875
0 0.39453125 0.3234375 0.0125 0.015625
0 0.4140625 0.3125 0.0203125 0.0203125
0 0.47734375 0.27734375 0.0171875 0.0140625
0 0.153125 0.23125 0.01875 0.021875
0 0.128125 0.29921875 0.0203125 0.021875
0 0.296875 0.38125 0.01875 0.0171875
0 0.03984375 0.53359375 0.025 0.025
0 0.06328125 0.5421875 0.028125 0.0296875
0 0.0203125 0.5671875 0.015625 0.0125
0 0.084375 0.5609375 0.01875 0.015625
0 0.21171875 0.58125 0.0265625 0.0265625
0 0.81484375 0.90390625 0.0296875 0.028125
0 0.65078125 0.2390625 0.009375 0.0125
0 0.64375 0.22421875 0.0203125 0.0203125