0 0.02734375 0.70234375 0.0546875 0.0828125
0 0.17734375 0.80234375 0.090625 0.0875
0 0.28046875 0.78203125 0.0546875 0.0484375
0 0.55546875 0.6140625 0.0359375 0.0375
0 0.5015625 0.35078125 0.0625 0.065625
0 0.5484375 0.33984375 0.04375 0.053125
0 0.428125 0.378125 0.0359375 0.053125
0 0.36171875 0.37734375 0.0375 0.0203125
0 0.65546875 0.22890625 0.05625 0.0515625
0 0.70546875 0.20390625 0.075 0.090625
0 0.80078125 0.2421875 0.0390625 0.075
0 0.85625 0.3125 0.0171875 0.0203125
0 0.63984375 0.60390625 0.028125 0.03125
0 0.04453125 0.334375 0.0109375 0.015625