0 0.33203125 0.83125 0.05625 0.059375
0 0.3453125 0.7140625 0.05625 0.0625
0 0.42265625 0.703125 0.084375 0.090625
0 0.48359375 0.7421875 0.021875 0.0359375
0 0.61171875 0.70234375 0.0484375 0.05625
0 0.74140625 0.4 0.0421875 0.0359375
0 0.875 0.384375 0.040625 0.0625
0 0.853125 0.4421875 0.08125 0.0703125
0 0.75546875 0.4453125 0.04375 0.040625
0 0.5859375 0.2921875 0.04375 0.03125
0 0.5640625 0.23828125 0.025 0.01875
0 0.54921875 0.2796875 0.0359375 0.01875
0 0.20390625 0.2890625 0.0296875 0.0265625
0 0.946875 0.22421875 0.021875 0.01875
0 0.78515625 0.0921875 0.0359375 0.0265625