0 0.203125 0.8875 0.0578125 0.0421875
0 0.025 0.59609375 0.021875 0.0203125
0 0.0203125 0.61875 0.0171875 0.0140625
0 0.3046875 0.55078125 0.021875 0.0203125
0 0.32421875 0.528125 0.0203125 0.0203125
0 0.3296875 0.50859375 0.00625 0.00625
0 0.34296875 0.50078125 0.009375 0.009375
0 0.35390625 0.50078125 0.00625 0.00625
0 0.3671875 0.50703125 0.0078125 0.0078125
0 0.36171875 0.44921875 0.0078125 0.009375
0 0.37265625 0.44765625 0.0109375 0.0109375
0 0.534375 0.446875 0.0140625 0.0140625
0 0.521875 0.459375 0.009375 0.009375
0 0.63125 0.41328125 0.00625 0.0109375
0 0.64765625 0.421875 0.0140625 0.0109375
0 0.71015625 0.5578125 0.0109375 0.0140625
0 0.69921875 0.56015625 0.0078125 0.0078125
0 0.71796875 0.56953125 0.0125 0.009375
0 0.50859375 0.8015625 0.021875 0.0203125
0 0.12578125 0.31171875 0.0125 0.0203125
0 0.071875 0.2421875 0.0171875 0.0078125
0 0.08828125 0.221875 0.00625 0.00625
0 0.325 0.3171875 0.0125 0.0125
0 0.4640625 0.3359375 0.009375 0.009375
0 0.49296875 0.3421875 0.0046875 0.003125
0 0.5 0.3359375 0.009375 0.0171875
0 0.5109375 0.34453125 0.009375 0.0078125
0 0.5140625 0.334375 0.0046875 0.0046875
0 0.5515625 0.25625 0.01875 0.009375
0 0.5828125 0.228125 0.0109375 0.0109375
0 0.59375 0.22578125 0.0140625 0.0125
0 0.6015625 0.2359375 0.009375 0.0109375
0 0.8671875 0.16875 0.0109375 0.009375
0 0.8859375 0.16640625 0.009375 0.0078125
0 0.89921875 0.1625 0.00625 0.00625
0 0.71015625 0.70078125 0.0109375 0.0140625
0 0.728125 0.69375 0.009375 0.009375
0 0.60859375 0.1640625 0.015625 0.009375
0 0.6140625 0.17109375 0.0078125 0.00625
0 0.5109375 0.13984375 0.009375 0.0125
0 0.52421875 0.14296875 0.0078125 0.009375
0 0.52734375 0.1296875 0.0078125 0.0109375
0 0.265625 0.4890625 0.0078125 0.0078125
0 0.27578125 0.48359375 0.0125 0.0109375
0 0.22109375 0.509375 0.00625 0.0046875