0 0.31875 0.7765625 0.0546875 0.05625
0 0.22890625 0.71953125 0.0359375 0.0390625
0 0.38515625 0.765625 0.0328125 0.03125
0 0.365625 0.82734375 0.046875 0.0609375
0 0.30625 0.83046875 0.0703125 0.05
0 0.64453125 0.35859375 0.071875 0.04375
0 0.72265625 0.37734375 0.03125 0.0390625
0 0.615625 0.2484375 0.0265625 0.0203125
0 0.63046875 0.26875 0.0203125 0.021875
0 0.5859375 0.25859375 0.015625 0.01875
0 0.534375 0.459375 0.034375 0.034375
0 0.50078125 0.475 0.0375 0.0421875
0 0.46484375 0.4953125 0.0203125 0.03125
0 0.96640625 0.32890625 0.025 0.021875
0 0.5890625 0.65390625 0.0296875 0.0296875
0 0.34765625 0.15234375 0.025 0.03125