0 0.134375 0.2953125 0.025 0.025
0 0.1078125 0.30625 0.025 0.0171875
0 0.0953125 0.5328125 0.03125 0.01875
0 0.2109375 0.7765625 0.04375 0.046875
0 0.7015625 0.5046875 0.025 0.0359375
0 0.6953125 0.3296875 0.01875 0.0203125
0 0.8171875 0.309375 0.015625 0.0203125
0 0.8578125 0.29375 0.0171875 0.01875
0 0.83125 0.596875 0.0234375 0.021875
0 0.859375 0.378125 0.0171875 0.0125
0 0.6671875 0.371875 0.015625 0.0171875
0 0.7171875 0.3734375 0.0140625 0.0140625
0 0.6859375 0.409375 0.0109375 0.015625
0 0.6046875 0.4046875 0.0078125 0.0125
0 0.63125 0.4171875 0.009375 0.0125