0 0.2 0.7890625 0.034375 0.0359375
0 0.36875 0.6953125 0.0265625 0.021875
0 0.503125 0.746875 0.0234375 0.025
0 0.4640625 0.76875 0.021875 0.0234375
0 0.5296875 0.6484375 0.01875 0.01875
0 0.265625 0.6609375 0.0296875 0.0203125
0 0.2125 0.7234375 0.0203125 0.0140625
0 0.225 0.709375 0.015625 0.021875
0 0.2484375 0.7046875 0.0265625 0.0296875
0 0.259375 0.68125 0.04375 0.0203125
0 0.653125 0.5671875 0.0203125 0.0203125
0 0.93125 0.559375 0.0265625 0.0203125
0 0.8046875 0.409375 0.0578125 0.0390625
0 0.7515625 0.3953125 0.04375 0.040625
0 0.7234375 0.3265625 0.028125 0.01875
0 0.7359375 0.3484375 0.01875 0.021875
0 0.9 0.35625 0.0140625 0.0171875
0 0.3640625 0.3046875 0.0171875 0.0171875
0 0.45 0.209375 0.0140625 0.0171875
0 0.4390625 0.190625 0.0125 0.028125
0 0.3265625 0.2125 0.0234375 0.0296875
0 0.0421875 0.3640625 0.040625 0.0234375
0 0.09375 0.3515625 0.0234375 0.021875
0 0.1234375 0.4828125 0.0140625 0.0109375
0 0.14375 0.4703125 0.028125 0.01875
0 0.153125 0.4484375 0.0125 0.0109375
0 0.20625 0.4140625 0.015625 0.0078125
0 0.2125 0.596875 0.0140625 0.0296875
0 0.071875 0.74375 0.021875 0.021875
0 0.009375 0.8578125 0.0171875 0.025
0 0.303125 0.86875 0.025 0.0109375
0 0.684375 0.35625 0.025 0.009375
0 0.53125 0.13125 0.0171875 0.0109375