0 0.234375 0.90625 0.0859375 0.090625
0 0.2109375 0.73515625 0.0265625 0.021875
0 0.184375 0.721875 0.01875 0.01875
0 0.27421875 0.5234375 0.0390625 0.0390625
0 0.51484375 0.58515625 0.021875 0.0234375
0 0.67421875 0.64296875 0.0296875 0.0265625
0 0.69609375 0.7515625 0.0390625 0.034375
0 0.56640625 0.5875 0.0296875 0.0421875
0 0.54140625 0.5609375 0.028125 0.015625
0 0.9015625 0.40703125 0.0390625 0.0296875
0 0.89140625 0.43828125 0.0375 0.0265625
0 0.975 0.453125 0.0265625 0.0171875
0 0.88984375 0.4578125 0.01875 0.0171875
0 0.921875 0.46640625 0.01875 0.015625
0 0.9046875 0.48046875 0.009375 0.0078125
0 0.996875 0.52265625 0.00625 0.0328125
0 0.675 0.3265625 0.01875 0.01875
0 0.34296875 0.5359375 0.025 0.01875