0 0.24375 0.5625 0.0265625 0.0234375
0 0.2125 0.5875 0.03125 0.0234375
0 0.08125 0.7046875 0.0328125 0.0203125
0 0.65625 0.7984375 0.0109375 0.0140625
0 0.825 0.8046875 0.0140625 0.0109375
0 0.678125 0.634375 0.0140625 0.0140625
0 0.6640625 0.6375 0.0109375 0.0078125
0 0.6828125 0.65 0.0109375 0.0109375
0 0.99375 0.5765625 0.0125 0.0171875
0 0.5125 0.4890625 0.0125 0.0125
0 0.4953125 0.4984375 0.0109375 0.0078125
0 0.3265625 0.453125 0.009375 0.009375
0 0.3375 0.453125 0.009375 0.0109375
0 0.3203125 0.5171875 0.009375 0.0078125
0 0.30625 0.509375 0.0078125 0.0078125
0 0.2953125 0.5078125 0.009375 0.0078125
0 0.278125 0.5109375 0.009375 0.009375
0 0.2125 0.4765625 0.0125 0.0046875
0 0.084375 0.25625 0.015625 0.021875
0 0.0609375 0.2609375 0.0125 0.0171875
0 0.265625 0.34375 0.009375 0.0125
0 0.28125 0.3421875 0.009375 0.0125
0 0.30625 0.34375 0.009375 0.0140625
0 0.3140625 0.3046875 0.009375 0.0109375
0 0.603125 0.2671875 0.0078125 0.0109375
0 0.615625 0.2671875 0.015625 0.0109375
0 0.621875 0.2796875 0.0125 0.0109375
0 0.6421875 0.2140625 0.0140625 0.015625
0 0.55625 0.1703125 0.0078125 0.0078125
0 0.5421875 0.1625 0.00625 0.0109375
0 0.5640625 0.284375 0.0234375 0.01875
0 0.5078125 0.371875 0.0078125 0.0078125
0 0.4890625 0.3671875 0.0078125 0.0078125
0 0.4984375 0.3625 0.0109375 0.0140625
0 0.621875 0.471875 0.0078125 0.009375
0 0.6359375 0.4796875 0.015625 0.009375
0 0.8203125 0.4546875 0.0125 0.0078125
0 0.8203125 0.46875 0.01875 0.009375