0 0.58359375 0.69140625 0.015625 0.0171875
0 0.553125 0.73984375 0.0140625 0.0140625
0 0.53984375 0.7515625 0.0203125 0.0203125
0 0.5671875 0.61796875 0.0171875 0.0125
0 0.57734375 0.60859375 0.0125 0.0078125
0 0.4703125 0.58203125 0.0203125 0.0109375
0 0.4625 0.6265625 0.0125 0.0140625
0 0.478125 0.6109375 0.009375 0.0125
0 0.4875 0.58125 0.009375 0.0140625
0 0.475 0.8609375 0.01875 0.01875
0 0.51484375 0.86328125 0.01875 0.0203125
0 0.5140625 0.878125 0.0203125 0.015625
0 0.534375 0.8578125 0.0171875 0.015625
0 0.5328125 0.875 0.0140625 0.0109375
0 0.59921875 0.7984375 0.0140625 0.0125
0 0.56875 0.7015625 0.0234375 0.01875
0 0.8671875 0.61328125 0.021875 0.0296875
0 0.8234375 0.51875 0.015625 0.0125
0 0.8328125 0.48671875 0.0203125 0.0203125
0 0.859375 0.5296875 0.0171875 0.0140625
0 0.87265625 0.528125 0.009375 0.0109375