0 0.23203125 0.7453125 0.0421875 0.0453125
0 0.2078125 0.2875 0.05 0.0375
0 0.21875 0.37109375 0.0359375 0.0390625
0 0.10234375 0.24609375 0.0515625 0.05
0 0.103125 0.19296875 0.0546875 0.0484375
0 0.06875 0.21328125 0.0265625 0.04375
0 0.1515625 0.1265625 0.0390625 0.0421875
0 0.14296875 0.06953125 0.0421875 0.0390625
0 0.3796875 0.09921875 0.0421875 0.04375
0 0.3515625 0.09921875 0.0203125 0.0296875
0 0.684375 0.4328125 0.040625 0.04375
0 0.96796875 0.5578125 0.04375 0.0484375
0 0.90546875 0.82734375 0.0578125 0.0609375
0 0.6125 0.646875 0.046875 0.0515625