0 0.21953125 0.50859375 0.03125 0.034375
0 0.26328125 0.51484375 0.0375 0.0296875
0 0.20390625 0.78515625 0.0421875 0.04375
0 0.271875 0.7984375 0.034375 0.0515625
0 0.3203125 0.8140625 0.059375 0.040625
0 0.52421875 0.60703125 0.0328125 0.0375
0 0.56015625 0.62109375 0.0390625 0.034375
0 0.534375 0.22109375 0.0328125 0.0375
0 0.728125 0.1953125 0.03125 0.0390625
0 0.65 0.28046875 0.03125 0.03125
0 0.5828125 0.22890625 0.0203125 0.040625
0 0.66015625 0.25859375 0.03125 0.03125
0 0.609375 0.23203125 0.0203125 0.0203125