0 0.440625 0.28203125 0.0203125 0.0140625
0 0.09453125 0.175 0.009375 0.0078125
0 0.084375 0.1890625 0.009375 0.0109375
0 0.046875 0.18828125 0.015625 0.009375
0 0.11015625 0.2765625 0.025 0.021875
0 0.0953125 0.35 0.0234375 0.021875
0 0.0703125 0.359375 0.01875 0.0109375
0 0.040625 0.59140625 0.021875 0.0234375
0 0.0671875 0.5953125 0.034375 0.0265625
0 0.23515625 0.53203125 0.040625 0.028125
0 0.2671875 0.51796875 0.0125 0.0140625
0 0.21640625 0.61796875 0.0234375 0.0265625
0 0.4578125 0.57734375 0.015625 0.0140625
0 0.38046875 0.31875 0.0234375 0.0234375
0 0.3625 0.33203125 0.0125 0.0109375
0 0.5875 0.32890625 0.0140625 0.015625
0 0.5703125 0.33515625 0.0125 0.009375
0 0.44140625 0.13203125 0.0125 0.0109375
0 0.396875 0.16640625 0.009375 0.0109375
0 0.4078125 0.16484375 0.009375 0.009375
0 0.43046875 0.1734375 0.009375 0.0109375
0 0.059375 0.11015625 0.015625 0.015625
0 0.70625 0.48125 0.0109375 0.0125
0 0.69140625 0.328125 0.0125 0.009375
0 0.70078125 0.3421875 0.0078125 0.009375
0 0.60546875 0.21953125 0.009375 0.009375
0 0.58984375 0.2109375 0.0046875 0.0046875
0 0.59765625 0.209375 0.009375 0.015625
0 0.75078125 0.2640625 0.00625 0.00625
0 0.7078125 0.49453125 0.0109375 0.009375
0 0.6953125 0.48203125 0.009375 0.0078125
0 0.78203125 0.74765625 0.0140625 0.015625
0 0.6671875 0.58984375 0.0125 0.0140625
0 0.6515625 0.5890625 0.0125 0.0125
0 0.85703125 0.8453125 0.028125 0.0234375