0 0.2296875 0.50546875 0.015625 0.015625
0 0.2453125 0.5140625 0.028125 0.025
0 0.27421875 0.4953125 0.0203125 0.0203125
0 0.1375 0.1390625 0.0109375 0.0109375
0 0.125 0.14921875 0.0125 0.0125
0 0.08671875 0.14921875 0.0125 0.0125
0 0.6125 0.33984375 0.0140625 0.0140625
0 0.5953125 0.3453125 0.009375 0.0078125
0 0.728125 0.365625 0.015625 0.0140625
0 0.7171875 0.3515625 0.015625 0.0109375
0 0.715625 0.50546875 0.0140625 0.0140625
0 0.71484375 0.51796875 0.0109375 0.0109375
0 0.7046875 0.5046875 0.0109375 0.009375
0 0.7921875 0.89140625 0.0203125 0.0171875
0 0.4546875 0.57734375 0.0171875 0.01875
0 0.38828125 0.32734375 0.0125 0.015625
0 0.40703125 0.315625 0.01875 0.0203125
0 0.46953125 0.278125 0.0171875 0.0125
0 0.14375 0.24375 0.01875 0.021875
0 0.121875 0.3125 0.0203125 0.021875
0 0.29296875 0.3890625 0.01875 0.0171875
0 0.04140625 0.55 0.025 0.025
0 0.065625 0.5578125 0.0265625 0.0296875
0 0.0234375 0.584375 0.015625 0.0125
0 0.08671875 0.57578125 0.01875 0.015625
0 0.21484375 0.59140625 0.0265625 0.0265625
0 0.82890625 0.89296875 0.0296875 0.0265625
0 0.6421875 0.234375 0.009375 0.0125
0 0.634375 0.21953125 0.01875 0.0203125