0 0.16015625 0.59140625 0.03125 0.03125
0 0.1765625 0.55234375 0.0296875 0.025
0 0.3546875 0.5640625 0.0265625 0.03125
0 0.225 0.56015625 0.04375 0.053125
0 0.1765625 0.4671875 0.034375 0.025
0 0.23359375 0.51328125 0.01875 0.0171875
0 0.49375 0.23828125 0.0296875 0.028125
0 0.52109375 0.2515625 0.021875 0.01875
0 0.51875 0.27578125 0.01875 0.0203125
0 0.878125 0.30390625 0.046875 0.053125
0 0.9296875 0.52109375 0.065625 0.0734375
0 0.46328125 0.57578125 0.0515625 0.0546875
0 0.55859375 0.26796875 0.0203125 0.015625
0 0.54296875 0.2765625 0.0140625 0.0125
0 0.53046875 0.29765625 0.0125 0.0078125