0 0.46171875 0.68515625 0.0421875 0.0421875
0 0.33046875 0.43359375 0.0578125 0.078125
0 0.415625 0.42265625 0.08125 0.0875
0 0.48046875 0.4109375 0.071875 0.075
0 0.30859375 0.3515625 0.028125 0.0234375
0 0.32890625 0.35859375 0.0140625 0.0171875
0 0.22890625 0.3234375 0.04375 0.0390625
0 0.22265625 0.29765625 0.03125 0.025
0 0.6421875 0.290625 0.0703125 0.0640625
0 0.703125 0.278125 0.0953125 0.0921875
0 0.79765625 0.3484375 0.05 0.0890625
0 0.8359375 0.5140625 0.0359375 0.0453125
0 0.83359375 0.37109375 0.0203125 0.025
0 0.9875 0.48046875 0.021875 0.0203125
0 0.61171875 0.17421875 0.0359375 0.0375
0 0.60078125 0.146875 0.021875 0.01875
0 0.56640625 0.1375 0.015625 0.015625