0 0.484375 0.6890625 0.0390625 0.0390625
0 0.3234375 0.4546875 0.05 0.075
0 0.40703125 0.43359375 0.0734375 0.08125
0 0.46953125 0.41328125 0.065625 0.0703125
0 0.29140625 0.37578125 0.0265625 0.021875
0 0.31328125 0.38046875 0.0125 0.0171875
0 0.209375 0.3578125 0.040625 0.034375
0 0.2 0.3328125 0.0296875 0.021875
0 0.615625 0.275 0.065625 0.0578125
0 0.675 0.2546875 0.0875 0.084375
0 0.77734375 0.31328125 0.040625 0.0875
0 0.83515625 0.47265625 0.03125 0.0421875
0 0.815625 0.33125 0.01875 0.0234375
0 0.98125 0.42109375 0.0203125 0.01875
0 0.99453125 0.4203125 0.0109375 0.01875
0 0.57109375 0.1625 0.0328125 0.034375
0 0.55703125 0.1375 0.0203125 0.0171875
0 0.521875 0.13203125 0.0140625 0.0140625