0 0.41171875 0.41484375 0.0421875 0.0578125
0 0.33828125 0.36796875 0.059375 0.059375
0 0.39296875 0.3734375 0.0578125 0.04375
0 0.134375 0.45390625 0.0625 0.05625
0 0.103125 0.4703125 0.0390625 0.04375
0 0.1953125 0.4484375 0.053125 0.0453125
0 0.26953125 0.68125 0.0359375 0.0328125
0 0.8390625 0.59921875 0.0421875 0.046875
0 0.8828125 0.425 0.0296875 0.03125
0 0.83828125 0.45546875 0.034375 0.0265625
0 0.4609375 0.26328125 0.025 0.025
0 0.48203125 0.2828125 0.03125 0.034375
0 0.4359375 0.26640625 0.015625 0.021875
0 0.20546875 0.08671875 0.0359375 0.0390625
0 0.23671875 0.065625 0.03125 0.0328125
0 0.14765625 0.03828125 0.0296875 0.025
0 0.3015625 0.4421875 0.03125 0.021875
0 0.2171875 0.40859375 0.015625 0.0203125
0 0.44453125 0.690625 0.0375 0.034375
0 0.69921875 0.75234375 0.0359375 0.0328125