0 0.22890625 0.75390625 0.059375 0.0625
0 0.28125 0.6484375 0.059375 0.065625
0 0.3578125 0.66484375 0.0890625 0.0953125
0 0.4015625 0.721875 0.0234375 0.0375
0 0.5359375 0.728125 0.0515625 0.059375
0 0.7609375 0.48828125 0.04375 0.0390625
0 0.8921875 0.51953125 0.04375 0.0640625
0 0.8515625 0.56640625 0.084375 0.075
0 0.759375 0.5359375 0.0453125 0.04375
0 0.6515625 0.334375 0.0453125 0.034375
0 0.65 0.2765625 0.0265625 0.0203125
0 0.621875 0.31015625 0.0359375 0.0203125
0 0.29375 0.20078125 0.03125 0.028125
0 0.90703125 0.2140625 0.0359375 0.028125