0 0.41796875 0.78203125 0.021875 0.021875
0 0.17890625 0.7390625 0.03125 0.0328125
0 0.15625 0.7203125 0.021875 0.0203125
0 0.23828125 0.565625 0.025 0.0203125
0 0.371875 0.49609375 0.0234375 0.0234375
0 0.35078125 0.50703125 0.01875 0.0171875
0 0.6265625 0.7828125 0.0140625 0.0140625
0 0.64375 0.7859375 0.0125 0.0125
0 0.68359375 0.659375 0.0125 0.0140625
0 0.6828125 0.6734375 0.009375 0.009375
0 0.67265625 0.659375 0.0109375 0.009375
0 0.08984375 0.43203125 0.028125 0.0234375
0 0.1390625 0.453125 0.0125 0.0125
0 0.1234375 0.4671875 0.0109375 0.009375
0 0.0390625 0.3296875 0.0203125 0.0140625
0 0.0859375 0.31796875 0.0140625 0.0140625
0 0.1015625 0.3078125 0.0109375 0.0109375
0 0.078125 0.24609375 0.0203125 0.0171875
0 0.1234375 0.17890625 0.0125 0.0109375
0 0.15703125 0.1671875 0.015625 0.0125
0 0.15859375 0.13359375 0.0078125 0.00625
0 0.2671875 0.17265625 0.0140625 0.0109375
0 0.28671875 0.2390625 0.015625 0.01875
0 0.2703125 0.23984375 0.0125 0.0125
0 0.37421875 0.46796875 0.0078125 0.00625
0 0.3875 0.46796875 0.0078125 0.00625
0 0.39765625 0.47265625 0.0078125 0.0078125
0 0.40625 0.48125 0.0078125 0.0078125
0 0.4234375 0.4296875 0.009375 0.009375
0 0.4328125 0.43203125 0.009375 0.009375
0 0.5703125 0.49609375 0.0140625 0.0140625
0 0.5546875 0.5015625 0.009375 0.009375
0 0.68046875 0.515625 0.01875 0.0171875
0 0.72578125 0.45390625 0.00625 0.00625
0 0.9828125 0.37734375 0.0125 0.009375
0 0.99140625 0.3875 0.0125 0.009375
0 0.74453125 0.28203125 0.015625 0.0125
0 0.703125 0.328125 0.01875 0.0140625
0 0.6609375 0.340625 0.0140625 0.0125
0 0.4421875 0.3046875 0.009375 0.0109375
0 0.4046875 0.33046875 0.0203125 0.0171875
0 0.43203125 0.3359375 0.00625 0.0109375
0 0.2859375 0.1578125 0.0046875 0.0046875
0 0.28671875 0.1015625 0.0125 0.0109375
0 0.12421875 0.03046875 0.0171875 0.0140625
0 0.590625 0.3984375 0.0078125 0.0078125
0 0.58359375 0.38671875 0.015625 0.015625
0 0.55546875 0.37265625 0.0078125 0.0078125