0 0.578125 0.846875 0.10625 0.0546875
0 0.359375 0.809375 0.0359375 0.040625
0 0.2 0.846875 0.015625 0.0171875
0 0.365625 0.44375 0.040625 0.0390625
0 0.3671875 0.48125 0.040625 0.03125
0 0.403125 0.4703125 0.0234375 0.0234375
0 0.4234375 0.3765625 0.028125 0.021875
0 0.909375 0.521875 0.01875 0.0328125
0 0.93125 0.5453125 0.0265625 0.01875
0 0.8921875 0.325 0.015625 0.0125
0 0.728125 0.21875 0.01875 0.015625
0 0.6109375 0.2421875 0.021875 0.0140625
0 0.5484375 0.3671875 0.0125 0.0125
0 0.553125 0.353125 0.0109375 0.0078125
0 0.4875 0.3234375 0.0078125 0.009375
0 0.5078125 0.290625 0.0109375 0.015625
0 0.49375 0.2921875 0.0109375 0.0109375
0 0.46875 0.2015625 0.01875 0.01875
0 0.4453125 0.20625 0.00625 0.0109375
0 0.3953125 0.1828125 0.0171875 0.015625
0 0.0984375 0.2484375 0.021875 0.015625
0 0.1578125 0.3390625 0.0140625 0.015625
0 0.175 0.3484375 0.0140625 0.015625
0 0.1765625 0.33125 0.0078125 0.0109375
0 0.0796875 0.5515625 0.01875 0.0171875
0 0.0125 0.5546875 0.021875 0.015625
0 0.0078125 0.5359375 0.015625 0.015625
0 0.0234375 0.515625 0.0125 0.0109375
0 0.0328125 0.4984375 0.015625 0.0140625
0 0.071875 0.50625 0.0109375 0.009375
0 0.1421875 0.534375 0.0171875 0.0140625
0 0.159375 0.540625 0.0234375 0.015625
0 0.1921875 0.5140625 0.015625 0.0078125
0 0.1875 0.5203125 0.0171875 0.0109375
0 0.1765625 0.5328125 0.0296875 0.0171875
0 0.171875 0.6390625 0.0203125 0.0125
0 0.3015625 0.5359375 0.0296875 0.034375
0 0.5546875 0.1359375 0.01875 0.0140625
0 0.6921875 0.2 0.03125 0.028125