0 0.2203125 0.8140625 0.0484375 0.0515625
0 0.1296875 0.703125 0.065625 0.0453125
0 0.05625 0.575 0.0484375 0.040625
0 0.4390625 0.703125 0.0296875 0.03125
0 0.43125 0.6515625 0.0296875 0.0359375
0 0.3875 0.60625 0.0421875 0.0296875
0 0.5 0.6953125 0.028125 0.0453125
0 0.534375 0.5734375 0.0265625 0.028125
0 0.35625 0.503125 0.0359375 0.0375
0 0.471875 0.5109375 0.0296875 0.0296875
0 0.365625 0.46875 0.0296875 0.025
0 0.396875 0.5125 0.025 0.028125
0 0.9375 0.490625 0.0359375 0.034375
0 0.8953125 0.440625 0.0265625 0.01875
0 0.4546875 0.2703125 0.0265625 0.025
0 0.440625 0.2453125 0.0296875 0.0171875
0 0.184375 0.175 0.0265625 0.021875
0 0.009375 0.1734375 0.01875 0.021875
0 0.4171875 0.2734375 0.015625 0.028125