0 0.2546875 0.59765625 0.0296875 0.0265625
0 0.22734375 0.6265625 0.034375 0.028125
0 0.1140625 0.7609375 0.0359375 0.025
0 0.69609375 0.7734375 0.0125 0.015625
0 0.8640625 0.75625 0.015625 0.0125
0 0.6953125 0.60859375 0.015625 0.015625
0 0.68125 0.61328125 0.0125 0.009375
0 0.7015625 0.6234375 0.0125 0.0125
0 0.99609375 0.50625 0.0078125 0.01875
0 0.5109375 0.4875 0.0140625 0.0140625
0 0.4953125 0.49921875 0.0125 0.009375
0 0.321875 0.47734375 0.0109375 0.0109375
0 0.3328125 0.4765625 0.0109375 0.0125
0 0.32421875 0.5421875 0.0109375 0.009375
0 0.309375 0.5359375 0.009375 0.009375
0 0.2984375 0.5359375 0.0109375 0.009375
0 0.28203125 0.54140625 0.0109375 0.0109375
0 0.21171875 0.5171875 0.0125 0.00625
0 0.0546875 0.31640625 0.01875 0.0234375
0 0.03203125 0.32421875 0.0140625 0.01875
0 0.24609375 0.378125 0.0109375 0.0140625
0 0.26171875 0.37421875 0.0109375 0.0140625
0 0.28671875 0.371875 0.0109375 0.015625
0 0.2890625 0.3328125 0.0109375 0.0125
0 0.56953125 0.25546875 0.009375 0.0125
0 0.58203125 0.253125 0.0171875 0.0125
0 0.58984375 0.26484375 0.0140625 0.0125
0 0.60078125 0.196875 0.015625 0.0171875
0 0.51015625 0.165625 0.009375 0.009375
0 0.49453125 0.16015625 0.0078125 0.0109375
0 0.53359375 0.27734375 0.0265625 0.021875
0 0.48984375 0.371875 0.009375 0.009375
0 0.4703125 0.3703125 0.009375 0.009375
0 0.4796875 0.3640625 0.0125 0.015625
0 0.61640625 0.45546875 0.009375 0.0109375
0 0.63203125 0.4609375 0.0171875 0.0109375
0 0.8109375 0.4109375 0.0140625 0.009375
0 0.8125 0.42421875 0.0203125 0.0125