0 0.028125 0.80234375 0.025 0.0296875
0 0.06015625 0.79296875 0.025 0.0234375
0 0.0203125 0.48515625 0.03125 0.025
0 0.32734375 0.55625 0.0234375 0.021875
0 0.3953125 0.57890625 0.0234375 0.0234375
0 0.4234375 0.58359375 0.0171875 0.01875
0 0.41484375 0.6046875 0.0203125 0.021875
0 0.3796875 0.59765625 0.0140625 0.0140625
0 0.39453125 0.60078125 0.0171875 0.01875
0 0.5359375 0.5546875 0.015625 0.0140625
0 0.8625 0.503125 0.0265625 0.028125
0 0.90703125 0.3578125 0.0375 0.03125
0 0.91484375 0.3984375 0.0171875 0.0125
0 0.87265625 0.38984375 0.025 0.021875
0 0.8765625 0.42265625 0.021875 0.0125
0 0.815625 0.415625 0.028125 0.0234375
0 0.578125 0.41015625 0.0234375 0.021875
0 0.61796875 0.42890625 0.0140625 0.01875
0 0.596875 0.4078125 0.0203125 0.0171875
0 0.525 0.44765625 0.015625 0.0140625
0 0.50625 0.453125 0.015625 0.0171875
0 0.6 0.315625 0.0171875 0.0140625
0 0.6109375 0.33046875 0.0140625 0.0109375
0 0.5828125 0.31875 0.0125 0.0109375
0 0.47421875 0.25234375 0.0140625 0.015625
0 0.453125 0.2390625 0.0140625 0.0171875
0 0.48125 0.23203125 0.0125 0.0140625
0 0.43125 0.23046875 0.0109375 0.0125
0 0.50703125 0.1546875 0.0265625 0.0265625
0 0.53359375 0.16796875 0.0203125 0.021875
0 0.29296875 0.46640625 0.0171875 0.0140625