0 0.2796875 0.73515625 0.1078125 0.1015625
0 0.19296875 0.8328125 0.11875 0.1234375
0 0.12890625 0.91015625 0.0703125 0.0859375
0 0.56015625 0.45625 0.0671875 0.1015625
0 0.309375 0.3046875 0.040625 0.04375
0 0.2734375 0.3265625 0.0296875 0.028125
0 0.41484375 0.46171875 0.134375 0.0984375
0 0.19375 0.6296875 0.059375 0.0390625
0 0.9046875 0.1796875 0.021875 0.0203125
0 0.8609375 0.21015625 0.0203125 0.0203125
0 0.8234375 0.3390625 0.01875 0.0171875
0 0.7359375 0.43828125 0.0265625 0.0390625
0 0.10390625 0.66796875 0.0375 0.0328125
0 0.10859375 0.70078125 0.0359375 0.034375
0 0.04765625 0.7125 0.021875 0.0234375
0 0.3390625 0.32578125 0.0328125 0.0296875
0 0.93125 0.3875 0.0328125 0.0265625