0 0.54765625 0.85234375 0.1109375 0.0640625
0 0.3328125 0.79609375 0.0390625 0.04375
0 0.17109375 0.81953125 0.0171875 0.01875
0 0.37109375 0.43203125 0.04375 0.0421875
0 0.36953125 0.46953125 0.04375 0.034375
0 0.40625 0.46171875 0.025 0.025
0 0.434375 0.3703125 0.0296875 0.025
0 0.90625 0.5578125 0.021875 0.034375
0 0.92578125 0.5828125 0.028125 0.0203125
0 0.90625 0.36015625 0.0171875 0.0140625
0 0.7515625 0.23984375 0.0203125 0.0171875
0 0.6328125 0.253125 0.0234375 0.015625
0 0.56015625 0.371875 0.0140625 0.0140625
0 0.565625 0.35859375 0.0109375 0.009375
0 0.503125 0.32265625 0.009375 0.009375
0 0.52578125 0.2921875 0.0125 0.0171875
0 0.51171875 0.2921875 0.0125 0.0125
0 0.49453125 0.2 0.0203125 0.0203125
0 0.47109375 0.20234375 0.0078125 0.0109375
0 0.4234375 0.175 0.01875 0.0171875
0 0.121875 0.2140625 0.0234375 0.0171875
0 0.1734375 0.31015625 0.015625 0.0171875
0 0.1890625 0.3203125 0.015625 0.0171875
0 0.1921875 0.30390625 0.009375 0.0109375
0 0.0765625 0.51484375 0.0203125 0.01875
0 0.01015625 0.51171875 0.0203125 0.0171875
0 0.00703125 0.49296875 0.0140625 0.0171875
0 0.02421875 0.47421875 0.0140625 0.0125
0 0.034375 0.4578125 0.0171875 0.015625
0 0.07265625 0.46875 0.0109375 0.0109375
0 0.140625 0.503125 0.01875 0.015625
0 0.15703125 0.5109375 0.025 0.0171875
0 0.1921875 0.4875 0.015625 0.009375
0 0.18671875 0.49296875 0.01875 0.0125
0 0.175 0.5046875 0.03125 0.0203125
0 0.1609375 0.61015625 0.021875 0.0140625
0 0.29921875 0.51875 0.0328125 0.0375
0 0.5859375 0.1421875 0.0203125 0.015625
0 0.71796875 0.21796875 0.0328125 0.03125