0 0.0890625 0.41796875 0.03125 0.03125
0 0.0671875 0.43671875 0.0296875 0.0234375
0 0.125 0.65625 0.0359375 0.028125
0 0.3109375 0.85234375 0.05625 0.0578125
0 0.69296875 0.4421875 0.034375 0.0421875
0 0.6328125 0.27734375 0.0234375 0.025
0 0.74296875 0.2203125 0.021875 0.0234375
0 0.7765625 0.19296875 0.021875 0.0234375
0 0.8453125 0.48984375 0.0296875 0.028125
0 0.80390625 0.27265625 0.0203125 0.0171875
0 0.61953125 0.3265625 0.0203125 0.021875
0 0.6671875 0.3125 0.0171875 0.0171875
0 0.64921875 0.35625 0.015625 0.01875
0 0.5703125 0.37734375 0.0109375 0.0140625
0 0.59921875 0.38046875 0.0125 0.0140625