0 0.2296875 0.675 0.090625 0.0828125
0 0.121875 0.7484375 0.096875 0.103125
0 0.040625 0.8078125 0.053125 0.075
0 0.56875 0.471875 0.0453125 0.09375
0 0.3625 0.2640625 0.0328125 0.0375
0 0.321875 0.2765625 0.025 0.0234375
0 0.4265625 0.4421875 0.1203125 0.071875
0 0.171875 0.5515625 0.0546875 0.0265625
0 0.9703125 0.2875 0.01875 0.015625
0 0.9203125 0.30625 0.0171875 0.0171875
0 0.853125 0.421875 0.015625 0.0140625
0 0.74375 0.496875 0.01875 0.0359375
0 0.075 0.5671875 0.0328125 0.025
0 0.071875 0.6 0.0296875 0.028125
0 0.009375 0.596875 0.0171875 0.0203125
0 0.3859375 0.2921875 0.028125 0.0234375
0 0.9453125 0.4953125 0.028125 0.0203125