0 0.4421875 0.7953125 0.0359375 0.0390625
0 0.434375 0.73515625 0.053125 0.05625
0 0.171875 0.83828125 0.0453125 0.0421875
0 0.1703125 0.77421875 0.0359375 0.03125
0 0.1921875 0.74453125 0.021875 0.034375
0 0.15546875 0.73359375 0.03125 0.0328125
0 0.02265625 0.64375 0.03125 0.028125
0 0.80546875 0.44140625 0.0390625 0.05
0 0.30625 0.44453125 0.0203125 0.0203125
0 0.2171875 0.45078125 0.0125 0.0125
0 0.15546875 0.38046875 0.01875 0.0234375
0 0.1046875 0.384375 0.015625 0.0140625
0 0.24296875 0.16328125 0.0265625 0.01875
0 0.53359375 0.29765625 0.0203125 0.0234375
0 0.79921875 0.20859375 0.015625 0.0140625
0 0.55234375 0.62890625 0.0390625 0.0234375
0 0.76015625 0.68359375 0.025 0.0328125