0 0.21328125 0.87578125 0.0234375 0.0203125
0 0.23515625 0.85390625 0.01875 0.01875
0 0.25546875 0.8453125 0.021875 0.0203125
0 0.28046875 0.8453125 0.0234375 0.0203125
0 0.30546875 0.8671875 0.021875 0.0203125
0 0.1203125 0.83828125 0.025 0.0203125
0 0.10234375 0.8578125 0.025 0.021875
0 0.25859375 0.7375 0.01875 0.0203125
0 0.27578125 0.73046875 0.0203125 0.0203125
0 0.5125 0.71953125 0.021875 0.0203125
0 0.52734375 0.68984375 0.025 0.0265625
0 0.81484375 0.7671875 0.0203125 0.0203125
0 0.8046875 0.78046875 0.0203125 0.0171875
0 0.82265625 0.7765625 0.0171875 0.015625
0 0.84765625 0.47265625 0.0234375 0.0171875
0 0.8546875 0.48984375 0.0234375 0.0203125
0 0.6625 0.6015625 0.0296875 0.0234375
0 0.178125 0.55703125 0.01875 0.0171875
0 0.1796875 0.60078125 0.0203125 0.0125
0 0.18515625 0.6125 0.0171875 0.015625
0 0.146875 0.62265625 0.0203125 0.015625
0 0.128125 0.63515625 0.0203125 0.0234375
0 0.38203125 0.53671875 0.01875 0.0140625
0 0.4265625 0.52578125 0.015625 0.0140625
0 0.446875 0.5234375 0.015625 0.0140625
0 0.44609375 0.5375 0.015625 0.0140625
0 0.4265625 0.53671875 0.0203125 0.0140625
0 0.503125 0.37734375 0.0140625 0.0171875
0 0.53046875 0.38203125 0.015625 0.0171875
0 0.515625 0.371875 0.01875 0.01875
0 0.50625 0.30546875 0.01875 0.015625
0 0.51640625 0.3140625 0.0171875 0.0140625
0 0.4 0.23671875 0.0265625 0.0234375
0 0.38515625 0.29921875 0.0125 0.0140625
0 0.40234375 0.3015625 0.0125 0.0140625
0 0.40234375 0.28515625 0.0140625 0.015625
0 0.47890625 0.41484375 0.0140625 0.015625
0 0.4671875 0.4203125 0.0171875 0.01875
0 0.453125 0.41015625 0.015625 0.015625
0 0.64453125 0.4859375 0.01875 0.015625
0 0.5140625 0.48203125 0.015625 0.015625
0 0.77421875 0.23671875 0.0328125 0.03125
0 0.79296875 0.26484375 0.015625 0.0125
0 0.809375 0.253125 0.015625 0.0125
0 0.75546875 0.2703125 0.0203125 0.0171875
0 0.7171875 0.309375 0.028125 0.025
0 0.88984375 0.29296875 0.021875 0.015625
0 0.9140625 0.2765625 0.0265625 0.0234375
0 0.82578125 0.24296875 0.0171875 0.0140625