0 0.53515625 0.70546875 0.0125 0.0140625
0 0.49296875 0.7453125 0.0109375 0.0109375
0 0.478125 0.75390625 0.0171875 0.015625
0 0.53671875 0.63046875 0.015625 0.009375
0 0.54921875 0.62421875 0.0109375 0.0046875
0 0.4515625 0.57265625 0.01875 0.00625
0 0.43359375 0.6140625 0.009375 0.0125
0 0.4515625 0.60234375 0.00625 0.0109375
0 0.46875 0.57578125 0.00625 0.0125
0 0.3890625 0.84453125 0.015625 0.015625
0 0.4265625 0.85625 0.0140625 0.0171875
0 0.421875 0.8703125 0.01875 0.0109375
0 0.446875 0.85546875 0.0140625 0.0125
0 0.440625 0.87109375 0.0125 0.0078125
0 0.52421875 0.8140625 0.0125 0.009375
0 0.51796875 0.7125 0.0203125 0.0140625
0 0.82890625 0.69921875 0.015625 0.0265625
0 0.809375 0.59609375 0.0140625 0.009375
0 0.8265625 0.56796875 0.015625 0.0171875
0 0.84140625 0.615625 0.0140625 0.0109375
0 0.85546875 0.6171875 0.0078125 0.009375