0 0.2359375 0.553125 0.0484375 0.04375
0 0.3578125 0.5953125 0.0375 0.053125
0 0.4140625 0.5890625 0.028125 0.0328125
0 0.4078125 0.6359375 0.04375 0.0546875
0 0.328125 0.634375 0.03125 0.0265625
0 0.3640625 0.6390625 0.0453125 0.0359375
0 0.1796875 0.41875 0.0296875 0.025
0 0.7 0.16875 0.075 0.0625
0 0.790625 0.1921875 0.0328125 0.05625
0 0.946875 0.209375 0.028125 0.0234375
0 0.8796875 0.246875 0.0265625 0.015625
0 0.8984375 0.2578125 0.01875 0.015625
0 0.603125 0.4953125 0.028125 0.0234375
0 0.971875 0.584375 0.0546875 0.0421875
0 0.553125 0.290625 0.034375 0.04375
0 0.5890625 0.284375 0.0328125 0.040625
0 0.5078125 0.3140625 0.025 0.040625
0 0.4453125 0.3078125 0.025 0.015625
0 0.7015625 0.521875 0.0140625 0.0109375
0 0.6953125 0.5078125 0.0109375 0.0125
0 0.95625 0.25625 0.015625 0.0140625