0 0.2796875 0.4265625 0.0359375 0.0375
0 0.0890625 0.28671875 0.0484375 0.053125
0 0.12734375 0.26015625 0.0484375 0.040625
0 0.24453125 0.34140625 0.0515625 0.0390625
0 0.1578125 0.44140625 0.0328125 0.0328125
0 0.521875 0.8640625 0.0390625 0.0390625
0 0.94765625 0.74140625 0.021875 0.0328125
0 0.73984375 0.43515625 0.0421875 0.0453125
0 0.1234375 0.16640625 0.0453125 0.0421875
0 0.10703125 0.1046875 0.034375 0.0328125
0 0.196875 0.1109375 0.028125 0.03125
0 0.41796875 0.4734375 0.0296875 0.034375