0 0.9125 0.7421875 0.0875 0.071875
0 0.90859375 0.5875 0.0328125 0.028125
0 0.578125 0.5296875 0.05625 0.05625
0 0.6265625 0.52890625 0.0375 0.0375
0 0.63125 0.55625 0.0515625 0.0421875
0 0.57109375 0.66171875 0.025 0.021875
0 0.578125 0.63671875 0.0234375 0.0234375
0 0.46953125 0.721875 0.025 0.025
0 0.36953125 0.88359375 0.025 0.028125
0 0.13203125 0.9125 0.028125 0.03125
0 0.2453125 0.84140625 0.0296875 0.0296875
0 0.40234375 0.8609375 0.028125 0.025
0 0.24453125 0.7359375 0.0265625 0.028125
0 0.20546875 0.79375 0.03125 0.0296875
0 0.23046875 0.78359375 0.021875 0.028125
0 0.24296875 0.7609375 0.0390625 0.03125
0 0.103125 0.5828125 0.0296875 0.0234375
0 0.0234375 0.4984375 0.025 0.021875
0 0.0390625 0.5359375 0.0265625 0.0234375
0 0.2515625 0.415625 0.0203125 0.0203125
0 0.24609375 0.28984375 0.03125 0.03125
0 0.19296875 0.290625 0.015625 0.015625
0 0.2078125 0.2859375 0.0171875 0.0140625
0 0.35625 0.26953125 0.0234375 0.021875
0 0.33671875 0.259375 0.0203125 0.0203125
0 0.41640625 0.16796875 0.0234375 0.0203125
0 0.59296875 0.2359375 0.0265625 0.0234375
0 0.6375 0.16796875 0.0203125 0.0203125
0 0.56640625 0.4359375 0.0328125 0.0265625
0 0.678125 0.38359375 0.0234375 0.0265625
0 0.7 0.14375 0.0234375 0.0203125
0 0.48203125 0.171875 0.0140625 0.0171875
0 0.50078125 0.184375 0.0140625 0.01875
0 0.515625 0.18203125 0.015625 0.0140625
0 0.79609375 0.19375 0.01875 0.0140625
0 0.88046875 0.340625 0.021875 0.03125
0 0.1078125 0.80546875 0.01875 0.0140625
0 0.48828125 0.3859375 0.0140625 0.0125
0 0.678125 0.32734375 0.03125 0.028125
0 0.61875 0.30703125 0.01875 0.0171875