0 0.2375 0.8234375 0.0390625 0.040625
0 0.39375 0.71015625 0.0296875 0.025
0 0.5328125 0.74453125 0.0265625 0.028125
0 0.496875 0.77109375 0.025 0.0265625
0 0.54765625 0.64375 0.0203125 0.0203125
0 0.28671875 0.68828125 0.03125 0.0234375
0 0.2421875 0.75703125 0.021875 0.0171875
0 0.25234375 0.74140625 0.01875 0.0234375
0 0.275 0.73359375 0.0296875 0.0328125
0 0.28359375 0.709375 0.0453125 0.025
0 0.66015625 0.54765625 0.021875 0.021875
0 0.93515625 0.50625 0.028125 0.0234375
0 0.79140625 0.37265625 0.0625 0.0453125
0 0.73671875 0.365625 0.0484375 0.0453125
0 0.70078125 0.30078125 0.0296875 0.021875
0 0.715625 0.32109375 0.021875 0.0234375
0 0.8796875 0.30859375 0.015625 0.01875
0 0.34140625 0.32265625 0.01875 0.01875
0 0.41484375 0.21796875 0.015625 0.01875
0 0.4015625 0.2 0.015625 0.0296875
0 0.29296875 0.2359375 0.0265625 0.0328125
0 0.02890625 0.42109375 0.04375 0.028125
0 0.07890625 0.40234375 0.0265625 0.025
0 0.12421875 0.52890625 0.015625 0.0125
0 0.14296875 0.5140625 0.0296875 0.021875
0 0.14921875 0.49140625 0.0140625 0.0125
0 0.19765625 0.45078125 0.0171875 0.009375
0 0.2265625 0.63125 0.0171875 0.03125
0 0.1046875 0.79375 0.025 0.025
0 0.05625 0.91484375 0.0203125 0.0265625
0 0.34921875 0.88984375 0.0265625 0.0140625
0 0.665625 0.33515625 0.0265625 0.0125
0 0.4859375 0.13046875 0.01875 0.0125