0 0.08125 0.71953125 0.021875 0.0171875
0 0.1109375 0.70859375 0.0171875 0.015625
0 0.1328125 0.71015625 0.01875 0.0171875
0 0.1546875 0.7203125 0.0203125 0.0171875
0 0.16875 0.75078125 0.01875 0.0171875
0 0.01328125 0.64609375 0.0234375 0.0171875
0 0.18046875 0.61328125 0.015625 0.01875
0 0.19921875 0.6140625 0.0171875 0.0171875
0 0.41796875 0.70390625 0.01875 0.0171875
0 0.44453125 0.68359375 0.021875 0.0234375
0 0.67265625 0.87578125 0.0171875 0.0171875
0 0.6578125 0.8828125 0.01875 0.0140625
0 0.67578125 0.88671875 0.015625 0.0140625
0 0.8265625 0.621875 0.0234375 0.0140625
0 0.82578125 0.640625 0.021875 0.0171875
0 0.6046875 0.6609375 0.0265625 0.0203125
0 0.184375 0.415625 0.0171875 0.0140625
0 0.1671875 0.45625 0.0203125 0.009375
0 0.1671875 0.46875 0.015625 0.0140625
0 0.128125 0.4625 0.01875 0.0125
0 0.10625 0.465625 0.0171875 0.0203125
0 0.37734375 0.48359375 0.01875 0.0109375
0 0.42265625 0.4921875 0.0140625 0.0125
0 0.4421875 0.49921875 0.0140625 0.0125
0 0.4359375 0.5109375 0.0140625 0.0125
0 0.41796875 0.50234375 0.0203125 0.0109375
0 0.5546875 0.38984375 0.0125 0.015625
0 0.57734375 0.40546875 0.0140625 0.015625
0 0.56875 0.390625 0.015625 0.0171875
0 0.5875 0.3265625 0.0171875 0.0125
0 0.59375 0.33828125 0.0171875 0.0109375
0 0.5203125 0.21875 0.0234375 0.0203125
0 0.48125 0.26953125 0.0109375 0.0125
0 0.4953125 0.27890625 0.0109375 0.0125
0 0.50234375 0.2640625 0.0125 0.0140625
0 0.5171875 0.4140625 0.0125 0.0140625
0 0.50390625 0.4140625 0.0140625 0.0171875
0 0.4953125 0.3984375 0.0140625 0.0140625
0 0.6375 0.5484375 0.0171875 0.0125
0 0.5203125 0.48984375 0.0140625 0.0140625
0 0.86015625 0.37734375 0.0296875 0.028125
0 0.86484375 0.4109375 0.015625 0.0109375
0 0.884375 0.40703125 0.015625 0.009375
0 0.82890625 0.4 0.01875 0.0140625
0 0.77734375 0.41953125 0.025 0.021875
0 0.940625 0.4765625 0.0203125 0.0125
0 0.96953125 0.47265625 0.0234375 0.0203125
0 0.90390625 0.4046875 0.015625 0.0125