0 0.65546875 0.7828125 0.0484375 0.04375
0 0.621875 0.796875 0.0234375 0.0203125
0 0.6578125 0.8296875 0.075 0.0421875
0 0.64375 0.85546875 0.0671875 0.028125
0 0.4265625 0.52734375 0.025 0.0234375
0 0.52890625 0.4890625 0.0328125 0.0203125
0 0.5265625 0.528125 0.0421875 0.0484375
0 0.48828125 0.52109375 0.0171875 0.0171875
0 0.53828125 0.42734375 0.034375 0.03125
0 0.47109375 0.371875 0.0671875 0.053125
0 0.5484375 0.34296875 0.0484375 0.04375
0 0.82578125 0.2078125 0.0234375 0.028125
0 0.89453125 0.29765625 0.0203125 0.0171875
0 0.65 0.4375 0.0171875 0.0140625
0 0.634375 0.41171875 0.0171875 0.01875