0 0.23125 0.4875 0.0578125 0.0546875
0 0.3390625 0.5578125 0.05 0.0609375
0 0.3953125 0.565625 0.0359375 0.0390625
0 0.37734375 0.609375 0.05625 0.0640625
0 0.30078125 0.5890625 0.0375 0.0328125
0 0.334375 0.60234375 0.053125 0.0453125
0 0.20859375 0.34375 0.034375 0.03125
0 0.77421875 0.22734375 0.0875 0.078125
0 0.85625 0.271875 0.0453125 0.0625
0 0.99375 0.32578125 0.0125 0.0296875
0 0.9296875 0.34609375 0.0296875 0.021875
0 0.9453125 0.36171875 0.021875 0.0203125
0 0.6015625 0.5203125 0.0328125 0.0296875
0 0.9375 0.69609375 0.0625 0.0546875
0 0.60234375 0.309375 0.04375 0.05
0 0.63828125 0.3125 0.0421875 0.046875
0 0.55234375 0.32109375 0.034375 0.0453125
0 0.49375 0.3 0.028125 0.021875
0 0.690625 0.5703125 0.015625 0.0140625
0 0.6875 0.5546875 0.0140625 0.0140625
0 0.99609375 0.37421875 0.0078125 0.0171875