0 0.54921875 0.81875 0.05625 0.053125
0 0.51328125 0.82109375 0.0265625 0.025
0 0.5359375 0.8640625 0.08125 0.059375
0 0.51328125 0.88359375 0.0703125 0.04375
0 0.42109375 0.50078125 0.028125 0.028125
0 0.53125 0.5 0.0359375 0.0265625
0 0.51484375 0.5359375 0.0515625 0.05625
0 0.48203125 0.515625 0.01875 0.01875
0 0.5609375 0.4453125 0.040625 0.0375
0 0.5171875 0.36953125 0.0765625 0.0671875
0 0.59921875 0.36875 0.05625 0.053125
0 0.90625 0.33671875 0.028125 0.03125
0 0.93984375 0.4453125 0.021875 0.0203125
0 0.6625 0.4921875 0.0203125 0.0171875
0 0.65703125 0.46328125 0.0203125 0.0203125