0 0.38671875 0.77890625 0.0390625 0.0421875
0 0.390625 0.71796875 0.05625 0.059375
0 0.11328125 0.76875 0.0484375 0.046875
0 0.12421875 0.70625 0.0375 0.034375
0 0.15078125 0.68125 0.025 0.0359375
0 0.1171875 0.6640625 0.034375 0.034375
0 0.01015625 0.54921875 0.0203125 0.0296875
0 0.8109375 0.50078125 0.0421875 0.053125
0 0.3203125 0.40859375 0.021875 0.021875
0 0.23203125 0.39765625 0.0140625 0.0140625
0 0.18515625 0.3171875 0.0203125 0.0234375
0 0.13359375 0.3109375 0.0171875 0.0140625
0 0.31171875 0.1203125 0.0265625 0.0203125
0 0.57109375 0.3078125 0.021875 0.025
0 0.84921875 0.27109375 0.0171875 0.0140625
0 0.5265625 0.6359375 0.040625 0.0265625
0 0.7203125 0.7296875 0.028125 0.034375