0 0.2 0.796875 0.0484375 0.0453125
0 0.16171875 0.8421875 0.0359375 0.034375
0 0.140625 0.86328125 0.021875 0.0234375
0 0.2625 0.665625 0.0109375 0.0125
0 0.28125 0.6546875 0.0109375 0.009375
0 0.2953125 0.653125 0.0109375 0.009375
0 0.3125 0.66015625 0.009375 0.009375
0 0.30859375 0.5828125 0.009375 0.0109375
0 0.32265625 0.58203125 0.0125 0.0140625
0 0.52421875 0.58125 0.015625 0.015625
0 0.5078125 0.5984375 0.0140625 0.0109375
0 0.74921875 0.70859375 0.0171875 0.01875
0 0.7359375 0.7140625 0.0140625 0.0109375
0 0.76015625 0.72421875 0.0125 0.0140625
0 0.846875 0.48828125 0.0140625 0.0109375
0 0.84375 0.47109375 0.0171875 0.0109375
0 0.6484375 0.540625 0.0140625 0.0140625
0 0.2703125 0.428125 0.0109375 0.0109375
0 0.2234375 0.47890625 0.009375 0.0125
0 0.23984375 0.47265625 0.009375 0.0125
0 0.26796875 0.46953125 0.0140625 0.0171875
0 0.66484375 0.446875 0.0109375 0.009375
0 0.47421875 0.44296875 0.0109375 0.009375
0 0.4875 0.45625 0.0078125 0.009375
0 0.49140625 0.44453125 0.0078125 0.0109375
0 0.47265625 0.45234375 0.0171875 0.009375
0 0.43515625 0.44765625 0.015625 0.009375
0 0.56484375 0.3296875 0.0125 0.0125
0 0.57734375 0.32578125 0.0140625 0.0125
0 0.58671875 0.33671875 0.0078125 0.0125
0 0.58515625 0.27421875 0.0203125 0.021875
0 0.48046875 0.24296875 0.009375 0.0109375
0 0.49375 0.24765625 0.0109375 0.0109375
0 0.503125 0.19140625 0.01875 0.0171875
0 0.0046875 0.42890625 0.009375 0.0265625
0 0.19765625 0.628125 0.009375 0.009375
0 0.18359375 0.63984375 0.015625 0.0109375
0 0.53046875 0.359375 0.0234375 0.0140625
0 0.51484375 0.36875 0.009375 0.0109375
0 0.51875 0.35546875 0.015625 0.0125
0 0.55625 0.425 0.0125 0.0109375
0 0.94375 0.325 0.0125 0.0109375
0 0.96484375 0.32109375 0.0171875 0.0109375
0 0.83203125 0.278125 0.0140625 0.0125
0 0.871875 0.26796875 0.0140625 0.0109375
0 0.88828125 0.26328125 0.0125 0.009375
0 0.78203125 0.30078125 0.015625 0.0109375
0 0.7890625 0.3109375 0.021875 0.0109375
0 0.859375 0.24453125 0.028125 0.028125