0 0.903125 0.771875 0.0171875 0.01875
0 0.88046875 0.7484375 0.0359375 0.025
0 0.9140625 0.67890625 0.021875 0.0171875
0 0.80859375 0.75390625 0.0125 0.015625
0 0.82421875 0.75625 0.0171875 0.0140625
0 0.79296875 0.75 0.01875 0.01875
0 0.6515625 0.76484375 0.01875 0.0171875
0 0.690625 0.80703125 0.0140625 0.0125
0 0.71796875 0.8203125 0.0234375 0.0296875
0 0.70390625 0.80703125 0.0234375 0.028125
0 0.45625 0.8265625 0.0171875 0.0171875
0 0.46953125 0.83125 0.015625 0.0171875
0 0.853125 0.571875 0.0234375 0.01875
0 0.80078125 0.60078125 0.015625 0.0171875
0 0.815625 0.61015625 0.0125 0.0125
0 0.82265625 0.59921875 0.0140625 0.0140625
0 0.9453125 0.55078125 0.0234375 0.021875
0 0.92890625 0.51796875 0.0234375 0.021875
0 0.340625 0.4953125 0.01875 0.0125
0 0.19453125 0.4765625 0.021875 0.0171875
0 0.14140625 0.484375 0.015625 0.0140625
0 0.05390625 0.4421875 0.0265625 0.021875
0 0.046875 0.45625 0.021875 0.01875
0 0.06640625 0.46171875 0.0203125 0.0171875
0 0.0640625 0.428125 0.0171875 0.015625
0 0.10859375 0.4390625 0.0328125 0.0265625
0 0.07734375 0.4140625 0.0296875 0.0203125
0 0.24375 0.3671875 0.0234375 0.015625
0 0.215625 0.44453125 0.0140625 0.0140625
0 0.33828125 0.5640625 0.01875 0.0234375
0 0.32109375 0.5625 0.015625 0.0171875
0 0.49140625 0.6828125 0.0109375 0.009375
0 0.4875 0.69375 0.0140625 0.0140625
0 0.465625 0.67734375 0.015625 0.0171875
0 0.4515625 0.675 0.0171875 0.0203125
0 0.06796875 0.6234375 0.01875 0.0203125
0 0.090625 0.615625 0.01875 0.0171875