0 0.09453125 0.88671875 0.028125 0.03125
0 0.1234375 0.87109375 0.028125 0.025
0 0.0265625 0.5765625 0.0328125 0.028125
0 0.34140625 0.58828125 0.0265625 0.0234375
0 0.4125 0.59765625 0.025 0.0265625
0 0.440625 0.59609375 0.0203125 0.021875
0 0.43671875 0.61953125 0.0234375 0.025
0 0.4 0.61875 0.015625 0.015625
0 0.41640625 0.61953125 0.0203125 0.021875
0 0.5453125 0.546875 0.0171875 0.015625
0 0.85625 0.434375 0.028125 0.0296875
0 0.871875 0.2828125 0.040625 0.034375
0 0.8875 0.321875 0.01875 0.015625
0 0.84453125 0.3203125 0.028125 0.0234375
0 0.8546875 0.35234375 0.0234375 0.015625
0 0.79375 0.35703125 0.03125 0.0265625
0 0.559375 0.396875 0.0265625 0.0234375
0 0.60234375 0.4078125 0.0171875 0.0203125
0 0.57734375 0.39140625 0.0234375 0.0203125
0 0.51484375 0.44375 0.0171875 0.015625
0 0.49765625 0.453125 0.01875 0.01875
0 0.56328125 0.3 0.01875 0.0171875
0 0.5765625 0.3125 0.015625 0.0125
0 0.546875 0.30625 0.0140625 0.0125
0 0.42734375 0.26171875 0.015625 0.0171875
0 0.40390625 0.25234375 0.0171875 0.01875
0 0.43046875 0.240625 0.0140625 0.015625
0 0.38125 0.2484375 0.0125 0.0140625
0 0.44140625 0.159375 0.028125 0.028125
0 0.46953125 0.16796875 0.0234375 0.025
0 0.290625 0.50625 0.01875 0.0171875