0 0.8296875 0.846875 0.075 0.053125
0 0.86875 0.696875 0.028125 0.021875
0 0.5671875 0.55 0.0453125 0.0453125
0 0.6140625 0.5625 0.03125 0.0296875
0 0.6109375 0.590625 0.0453125 0.03125
0 0.5234375 0.675 0.0203125 0.0171875
0 0.5375 0.653125 0.01875 0.01875
0 0.409375 0.7046875 0.0203125 0.0203125
0 0.26875 0.8328125 0.01875 0.0234375
0 0.0328125 0.7953125 0.021875 0.0265625
0 0.1609375 0.7578125 0.0234375 0.0234375
0 0.30625 0.8203125 0.0234375 0.01875
0 0.1890625 0.65625 0.0203125 0.0234375
0 0.1359375 0.7015625 0.025 0.0234375
0 0.1625 0.6984375 0.015625 0.025
0 0.18125 0.6796875 0.034375 0.021875
0 0.0953125 0.4703125 0.0265625 0.0171875
0 0.0421875 0.3671875 0.0203125 0.0171875
0 0.046875 0.4078125 0.0234375 0.0171875
0 0.284375 0.35 0.0171875 0.015625
0 0.3140625 0.228125 0.025 0.025
0 0.2625 0.2140625 0.0125 0.0125
0 0.278125 0.2140625 0.0140625 0.0109375
0 0.034375 0.1390625 0.0171875 0.0171875
0 0.425 0.2390625 0.01875 0.0171875
0 0.409375 0.2234375 0.015625 0.0171875
0 0.5109375 0.1578125 0.0203125 0.015625
0 0.6625 0.271875 0.0234375 0.0171875
0 0.7234375 0.21875 0.0171875 0.015625
0 0.58125 0.45625 0.028125 0.0203125
0 0.703125 0.4375 0.01875 0.021875
0 0.790625 0.2125 0.0203125 0.015625
0 0.5734375 0.1796875 0.0109375 0.0140625
0 0.5875 0.196875 0.0109375 0.015625
0 0.603125 0.1984375 0.0125 0.0109375
0 0.86875 0.2875 0.015625 0.0109375
0 0.909375 0.4515625 0.0140625 0.028125
0 0.0390625 0.6859375 0.015625 0.0109375
0 0.5203125 0.3875 0.0125 0.009375
0 0.71875 0.3828125 0.0265625 0.021875
0 0.6671875 0.346875 0.015625 0.0140625