0 0.2328125 0.6796875 0.0921875 0.084375
0 0.1265625 0.7546875 0.0984375 0.1046875
0 0.04609375 0.815625 0.0546875 0.0765625
0 0.56796875 0.4703125 0.046875 0.09375
0 0.35859375 0.26640625 0.0328125 0.0375
0 0.31796875 0.2796875 0.025 0.0234375
0 0.42578125 0.44375 0.121875 0.0734375
0 0.17265625 0.55703125 0.0546875 0.028125
0 0.96640625 0.2796875 0.01875 0.015625
0 0.9171875 0.29921875 0.0171875 0.0171875
0 0.8515625 0.415625 0.015625 0.0140625
0 0.74375 0.49296875 0.01875 0.0359375
0 0.0765625 0.57421875 0.0328125 0.025
0 0.0734375 0.6078125 0.0296875 0.028125
0 0.0109375 0.60546875 0.0171875 0.0203125
0 0.38203125 0.29453125 0.028125 0.0234375
0 0.9453125 0.4875 0.028125 0.0203125