0 0.4609375 0.853125 0.11875 0.0859375
0 0.26640625 0.746875 0.046875 0.05
0 0.103125 0.73046875 0.0203125 0.021875
0 0.39140625 0.403125 0.0515625 0.05
0 0.38046875 0.4390625 0.0484375 0.0421875
0 0.41796875 0.440625 0.0296875 0.0296875
0 0.46796875 0.35859375 0.034375 0.0296875
0 0.8796875 0.65390625 0.028125 0.0375
0 0.89296875 0.68359375 0.03125 0.0265625
0 0.928125 0.4625 0.01875 0.0171875
0 0.80703125 0.30859375 0.0234375 0.0203125
0 0.6890625 0.2921875 0.025 0.0203125
0 0.5890625 0.38984375 0.015625 0.015625
0 0.5984375 0.378125 0.0125 0.0109375
0 0.5453125 0.32890625 0.0109375 0.0109375
0 0.57578125 0.3046875 0.015625 0.01875
0 0.56171875 0.3015625 0.0140625 0.0140625
0 0.56796875 0.2078125 0.0234375 0.0234375
0 0.54375 0.2046875 0.009375 0.0125
0 0.50390625 0.165625 0.021875 0.0203125
0 0.20234375 0.13125 0.025 0.021875
0 0.22890625 0.23671875 0.01875 0.01875
0 0.2421875 0.25078125 0.01875 0.01875
0 0.24921875 0.23515625 0.0109375 0.0125
0 0.0859375 0.41171875 0.0234375 0.021875
0 0.02109375 0.39296875 0.025 0.021875
0 0.02265625 0.3734375 0.0203125 0.0203125
0 0.04453125 0.359375 0.015625 0.0140625
0 0.05859375 0.34609375 0.01875 0.01875
0 0.09296875 0.36640625 0.0140625 0.0125
0 0.15078125 0.415625 0.0203125 0.01875
0 0.16484375 0.42734375 0.0265625 0.021875
0 0.2046875 0.41328125 0.0171875 0.0125
0 0.19765625 0.4171875 0.0203125 0.015625
0 0.18359375 0.42578125 0.034375 0.0265625
0 0.14453125 0.525 0.0234375 0.01875
0 0.30078125 0.46953125 0.0390625 0.0421875
0 0.6703125 0.1734375 0.021875 0.01875
0 0.7796875 0.27890625 0.0390625 0.0375