0 0.390625 0.528125 0.0265625 0.03125
0 0.303125 0.5015625 0.034375 0.028125
0 0.36875 0.5515625 0.0171875 0.01875
0 0.39375 0.5546875 0.028125 0.0234375
0 0.4296875 0.5296875 0.0203125 0.025
0 0.4234375 0.5609375 0.028125 0.0296875
0 0.5796875 0.4859375 0.0203125 0.0203125
0 0.5125 0.3484375 0.0234375 0.0296875
0 0.540625 0.3375 0.025 0.028125
0 0.5671875 0.334375 0.0265625 0.0296875
0 0.6515625 0.2640625 0.0546875 0.028125
0 0.70625 0.2859375 0.01875 0.0296875
0 0.6484375 0.1609375 0.0234375 0.0296875
0 0.259375 0.396875 0.025 0.021875
0 0.7640625 0.7625 0.034375 0.0265625
0 0.9421875 0.409375 0.0328125 0.034375
0 0.9453125 0.2765625 0.0203125 0.021875
0 0.9890625 0.2375 0.021875 0.0296875
0 0.8828125 0.309375 0.0328125 0.0265625