0 0.1046875 0.36171875 0.0296875 0.0296875
0 0.08046875 0.37734375 0.028125 0.021875
0 0.10703125 0.60234375 0.034375 0.0234375
0 0.26328125 0.82265625 0.0515625 0.053125
0 0.69921875 0.46953125 0.03125 0.0390625
0 0.6625 0.2984375 0.021875 0.0234375
0 0.77890625 0.25703125 0.01875 0.0234375
0 0.81640625 0.234375 0.0203125 0.021875
0 0.84296875 0.5375 0.0265625 0.025
0 0.8328125 0.3171875 0.01875 0.015625
0 0.6421875 0.34453125 0.01875 0.0203125
0 0.6921875 0.3375 0.015625 0.015625
0 0.6671875 0.378125 0.0140625 0.0171875
0 0.58671875 0.38828125 0.009375 0.0140625
0 0.61484375 0.3953125 0.0109375 0.0140625