0 0.21328125 0.86484375 0.0171875 0.0203125
0 0.23515625 0.8765625 0.0328125 0.0328125
0 0.26171875 0.8359375 0.0203125 0.0234375
0 0.49375 0.84140625 0.01875 0.0203125
0 0.36484375 0.57578125 0.01875 0.0203125
0 0.34609375 0.59140625 0.0203125 0.015625
0 0.25859375 0.6828125 0.01875 0.015625
0 0.075 0.6 0.021875 0.021875
0 0.12734375 0.60546875 0.015625 0.0140625
0 0.115625 0.621875 0.0171875 0.0109375
0 0.01171875 0.51484375 0.0203125 0.0140625
0 0.05546875 0.48828125 0.0109375 0.0109375
0 0.0671875 0.4765625 0.009375 0.009375
0 0.4046875 0.54921875 0.0078125 0.0078125
0 0.36953125 0.5453125 0.009375 0.0078125
0 0.38203125 0.540625 0.0078125 0.0078125
0 0.39140625 0.54140625 0.0046875 0.00625
0 0.40546875 0.49609375 0.0078125 0.009375
0 0.41640625 0.49453125 0.009375 0.009375
0 0.5609375 0.5140625 0.0125 0.0140625
0 0.5484375 0.525 0.0078125 0.0078125
0 0.721875 0.63828125 0.0125 0.0140625
0 0.7109375 0.64140625 0.0109375 0.0125
0 0.728125 0.65078125 0.009375 0.009375
0 0.70546875 0.7796875 0.0109375 0.0125
0 0.72265625 0.7765625 0.0109375 0.0109375
0 0.8390625 0.4671875 0.0125 0.0109375
0 0.8375 0.48203125 0.015625 0.0125
0 0.909375 0.2828125 0.009375 0.009375
0 0.92734375 0.28984375 0.021875 0.009375
0 0.63515625 0.32109375 0.0234375 0.0109375
0 0.6453125 0.33046875 0.0109375 0.0109375
0 0.65625 0.26640625 0.0203125 0.0125
0 0.54375 0.4078125 0.009375 0.015625
0 0.55390625 0.4125 0.0125 0.0140625
0 0.3875 0.3734375 0.009375 0.009375
0 0.35234375 0.40859375 0.009375 0.009375
0 0.3640625 0.40546875 0.009375 0.009375
0 0.38515625 0.40546875 0.009375 0.0109375
0 0.1921875 0.3046875 0.0140625 0.0078125
0 0.22578125 0.359375 0.015625 0.0171875
0 0.2109375 0.3640625 0.0078125 0.0078125
0 0.08671875 0.3328125 0.015625 0.009375
0 0.05859375 0.35 0.009375 0.0078125
0 0.08046875 0.30234375 0.0078125 0.00625
0 0.18984375 0.2375 0.0109375 0.009375
0 0.02109375 0.2203125 0.021875 0.0125
0 0.03203125 0.4265625 0.021875 0.0125
0 0.66953125 0.50078125 0.0203125 0.015625
0 0.696875 0.42734375 0.00625 0.00625
0 0.2046875 0.2875 0.0078125 0.0046875
0 0.5984375 0.34375 0.0171875 0.009375
0 0.596875 0.328125 0.0109375 0.009375
0 0.571875 0.23984375 0.009375 0.009375
0 0.59375 0.19921875 0.0078125 0.0078125
0 0.584375 0.24296875 0.0046875 0.003125
0 0.58828125 0.23125 0.0078125 0.009375
0 0.60703125 0.20625 0.009375 0.0125