0 0.1484375 0.5125 0.0265625 0.0265625
0 0.1734375 0.478125 0.0265625 0.0203125
0 0.34375 0.5296875 0.021875 0.0265625
0 0.21875 0.496875 0.034375 0.046875
0 0.1921875 0.3953125 0.03125 0.01875
0 0.2375 0.453125 0.015625 0.0140625
0 0.553125 0.24375 0.025 0.0234375
0 0.5765625 0.2625 0.01875 0.015625
0 0.56875 0.2859375 0.015625 0.0171875
0 0.9125 0.39375 0.0375 0.0453125
0 0.9140625 0.6171875 0.053125 0.0625
0 0.446875 0.565625 0.0421875 0.046875
0 0.609375 0.2875 0.01875 0.0109375
0 0.5921875 0.2921875 0.0125 0.009375
0 0.575 0.309375 0.0109375 0.00625