0 0.3375 0.825 0.0375 0.040625
0 0.15078125 0.40625 0.0484375 0.03125
0 0.19140625 0.48046875 0.03125 0.0359375
0 0.0375 0.40546875 0.046875 0.0453125
0 0.021875 0.35546875 0.04375 0.0421875
0 0.00234375 0.38671875 0.0046875 0.0421875
0 0.04140625 0.2765625 0.034375 0.0390625
0 0.015625 0.225 0.03125 0.034375
0 0.24375 0.16875 0.0375 0.0390625
0 0.21796875 0.17890625 0.0171875 0.028125
0 0.6484375 0.37109375 0.034375 0.040625
0 0.9578125 0.3859375 0.0390625 0.04375
0 0.98515625 0.66015625 0.0296875 0.0546875
0 0.6578125 0.596875 0.0421875 0.046875