0 0.38984375 0.5265625 0.0265625 0.03125
0 0.303125 0.4984375 0.034375 0.028125
0 0.36796875 0.54921875 0.0171875 0.01875
0 0.39296875 0.553125 0.028125 0.0234375
0 0.42890625 0.528125 0.0203125 0.025
0 0.42265625 0.559375 0.028125 0.0296875
0 0.5796875 0.4875 0.0203125 0.0203125
0 0.51484375 0.3484375 0.0234375 0.0296875
0 0.54375 0.33828125 0.025 0.028125
0 0.5703125 0.3359375 0.0265625 0.0296875
0 0.65546875 0.26640625 0.0546875 0.0296875
0 0.71015625 0.28984375 0.01875 0.0296875
0 0.6546875 0.16328125 0.0234375 0.0296875
0 0.2609375 0.39296875 0.025 0.021875
0 0.759375 0.7671875 0.034375 0.0265625
0 0.94375 0.4171875 0.0328125 0.034375
0 0.94921875 0.284375 0.0203125 0.021875
0 0.99140625 0.24609375 0.0171875 0.0296875
0 0.8859375 0.31640625 0.0328125 0.0265625