0 0.21953125 0.49453125 0.0328125 0.0359375
0 0.26328125 0.503125 0.0375 0.03125
0 0.1890625 0.76953125 0.04375 0.0453125
0 0.25703125 0.7859375 0.0375 0.053125
0 0.30390625 0.8046875 0.0609375 0.04375
0 0.51875 0.60859375 0.034375 0.0390625
0 0.553125 0.62421875 0.040625 0.0359375
0 0.54921875 0.2234375 0.034375 0.0390625
0 0.74375 0.2078125 0.0328125 0.040625
0 0.6609375 0.28828125 0.0328125 0.0328125
0 0.596875 0.234375 0.021875 0.0421875
0 0.67265625 0.2671875 0.0328125 0.0328125
0 0.6234375 0.2375 0.021875 0.021875