0 0.534375 0.79140625 0.0203125 0.0203125
0 0.29765625 0.8453125 0.028125 0.0296875
0 0.26953125 0.83671875 0.0203125 0.01875
0 0.284375 0.6625 0.0234375 0.01875
0 0.38046875 0.546875 0.021875 0.021875
0 0.365625 0.56484375 0.0171875 0.015625
0 0.7265625 0.7109375 0.0125 0.0125
0 0.74375 0.70703125 0.0125 0.0109375
0 0.73125 0.575 0.0109375 0.0140625
0 0.73671875 0.58828125 0.009375 0.009375
0 0.72109375 0.5796875 0.0109375 0.009375
0 0.0953125 0.59765625 0.0265625 0.0203125
0 0.14921875 0.5984375 0.0109375 0.0125
0 0.140625 0.61640625 0.0109375 0.009375
0 0.009375 0.5234375 0.01875 0.0125
0 0.04765625 0.49375 0.0125 0.0125
0 0.05859375 0.478125 0.0109375 0.0109375
0 0.0125 0.43125 0.01875 0.0140625
0 0.028125 0.3515625 0.0125 0.009375
0 0.0546875 0.32734375 0.015625 0.0109375
0 0.0421875 0.29609375 0.00625 0.00625
0 0.1578125 0.2890625 0.0140625 0.009375
0 0.2015625 0.34296875 0.0140625 0.0171875
0 0.18671875 0.35 0.0125 0.0109375
0 0.371875 0.51953125 0.00625 0.00625
0 0.38359375 0.51484375 0.00625 0.00625
0 0.39453125 0.51484375 0.0078125 0.0078125
0 0.40625 0.51953125 0.0078125 0.0078125
0 0.40234375 0.46484375 0.009375 0.009375
0 0.4109375 0.46328125 0.009375 0.009375
0 0.56328125 0.46875 0.0125 0.0125
0 0.55078125 0.48046875 0.009375 0.009375
0 0.671875 0.44453125 0.0171875 0.015625
0 0.68984375 0.36953125 0.0046875 0.0046875
0 0.89609375 0.1984375 0.0109375 0.0078125
0 0.9078125 0.2046875 0.0109375 0.0078125
0 0.9203125 0.20078125 0.009375 0.0078125
0 0.63984375 0.20390625 0.015625 0.0109375
0 0.61953125 0.2625 0.01875 0.0109375
0 0.5859375 0.290625 0.0140625 0.0109375
0 0.3703125 0.34296875 0.009375 0.0109375
0 0.34609375 0.38125 0.01875 0.0140625
0 0.3734375 0.37578125 0.0046875 0.0109375
0 0.16953125 0.26875 0.0046875 0.003125
0 0.14765625 0.21640625 0.0125 0.009375
0 0.54375 0.37109375 0.0078125 0.0078125
0 0.5328125 0.3625 0.0140625 0.0140625
0 0.50078125 0.3609375 0.0078125 0.0078125