0 0.5109375 0.6890625 0.034375 0.034375
0 0.31875 0.4796875 0.040625 0.0703125
0 0.3984375 0.446875 0.0640625 0.0734375
0 0.4578125 0.41875 0.0578125 0.0625
0 0.2765625 0.40625 0.0234375 0.01875
0 0.2984375 0.4078125 0.0109375 0.015625
0 0.1921875 0.4 0.0375 0.0296875
0 0.1796875 0.3765625 0.028125 0.01875
0 0.5828125 0.2609375 0.059375 0.05
0 0.6390625 0.2328125 0.078125 0.075
0 0.7484375 0.2765625 0.0296875 0.084375
0 0.828125 0.4265625 0.0265625 0.0390625
0 0.7890625 0.2890625 0.015625 0.021875
0 0.965625 0.3546875 0.01875 0.015625
0 0.9859375 0.3515625 0.021875 0.015625
0 0.99375 0.3734375 0.0109375 0.015625
0 0.5234375 0.15625 0.028125 0.03125
0 0.50625 0.1328125 0.01875 0.0140625
0 0.4703125 0.1328125 0.0125 0.0125