0 0.23125 0.515625 0.0546875 0.05
0 0.34609375 0.57421875 0.04375 0.0578125
0 0.40234375 0.5765625 0.0328125 0.0359375
0 0.38984375 0.621875 0.0515625 0.0609375
0 0.3109375 0.609375 0.034375 0.03125
0 0.34609375 0.61875 0.05 0.0421875
0 0.19375 0.375 0.0328125 0.028125
0 0.74453125 0.2 0.0828125 0.071875
0 0.83046875 0.2359375 0.040625 0.0609375
0 0.9828125 0.27421875 0.03125 0.0265625
0 0.9109375 0.30234375 0.028125 0.01875
0 0.928125 0.315625 0.0203125 0.01875
0 0.603125 0.509375 0.03125 0.0265625
0 0.95546875 0.64921875 0.059375 0.05
0 0.58203125 0.3 0.040625 0.0484375
0 0.61796875 0.29921875 0.0375 0.0453125
0 0.53359375 0.3171875 0.0296875 0.04375
0 0.47265625 0.30234375 0.0265625 0.01875
0 0.696875 0.55 0.015625 0.0125
0 0.6921875 0.53515625 0.0125 0.0140625
0 0.9859375 0.321875 0.0171875 0.015625