0 0.49921875 0.8015625 0.0421875 0.0453125
0 0.48046875 0.74296875 0.0609375 0.0640625
0 0.2421875 0.89453125 0.0515625 0.05
0 0.228125 0.83203125 0.040625 0.0375
0 0.24453125 0.79921875 0.028125 0.0375
0 0.20625 0.7953125 0.0359375 0.0375
0 0.05859375 0.73203125 0.0359375 0.0328125
0 0.78828125 0.384375 0.046875 0.05625
0 0.29921875 0.4828125 0.0234375 0.0234375
0 0.21328125 0.50546875 0.015625 0.015625
0 0.1390625 0.4484375 0.021875 0.025
0 0.08984375 0.4625 0.01875 0.015625
0 0.18359375 0.21796875 0.028125 0.0234375
0 0.49375 0.2953125 0.0234375 0.025
0 0.73828125 0.15703125 0.01875 0.015625
0 0.57578125 0.61640625 0.0421875 0.0296875
0 0.78984375 0.63046875 0.0296875 0.0359375