0 0.4734375 0.8546875 0.1171875 0.0828125
0 0.275 0.7546875 0.046875 0.05
0 0.11171875 0.74375 0.0203125 0.0203125
0 0.38828125 0.40703125 0.05 0.05
0 0.378125 0.44296875 0.0484375 0.0421875
0 0.41640625 0.44296875 0.0296875 0.0296875
0 0.4625 0.359375 0.0328125 0.0296875
0 0.88515625 0.640625 0.028125 0.0375
0 0.89921875 0.66953125 0.03125 0.025
0 0.9265625 0.44765625 0.01875 0.0171875
0 0.8 0.29765625 0.021875 0.0203125
0 0.68125 0.2859375 0.025 0.0203125
0 0.58515625 0.3875 0.015625 0.015625
0 0.59375 0.375 0.0125 0.0109375
0 0.53984375 0.32734375 0.0109375 0.0109375
0 0.56875 0.30234375 0.015625 0.01875
0 0.5546875 0.29921875 0.0140625 0.0140625
0 0.55703125 0.20546875 0.0234375 0.0234375
0 0.53359375 0.203125 0.009375 0.0125
0 0.49296875 0.16640625 0.0203125 0.0203125
0 0.18984375 0.1421875 0.025 0.021875
0 0.21953125 0.24609375 0.01875 0.01875
0 0.23359375 0.26015625 0.01875 0.01875
0 0.23984375 0.24375 0.0109375 0.0125
0 0.0828125 0.4265625 0.0234375 0.021875
0 0.01796875 0.41015625 0.025 0.021875
0 0.01875 0.390625 0.01875 0.01875
0 0.03984375 0.37578125 0.015625 0.0140625
0 0.05390625 0.36171875 0.01875 0.01875
0 0.0890625 0.38046875 0.0125 0.0125
0 0.14765625 0.428125 0.0203125 0.01875
0 0.1625 0.4390625 0.0265625 0.021875
0 0.2015625 0.4234375 0.0171875 0.0125
0 0.1953125 0.428125 0.0203125 0.015625
0 0.18125 0.43671875 0.0328125 0.025
0 0.1453125 0.53671875 0.0234375 0.0171875
0 0.3 0.4765625 0.0390625 0.0421875
0 0.65859375 0.16796875 0.021875 0.01875
0 0.771875 0.26953125 0.0375 0.0359375