0 0.13203125 0.6953125 0.0421875 0.04375
0 0.3203125 0.6515625 0.03125 0.028125
0 0.43515625 0.73828125 0.0296875 0.03125
0 0.39140625 0.7484375 0.028125 0.028125
0 0.4875 0.65078125 0.0234375 0.0234375
0 0.23046875 0.58984375 0.034375 0.028125
0 0.16171875 0.63515625 0.0234375 0.01875
0 0.178125 0.62578125 0.0203125 0.025
0 0.2015625 0.62734375 0.034375 0.0359375
0 0.21875 0.6078125 0.046875 0.03125
0 0.62890625 0.60703125 0.025 0.025
0 0.8984375 0.67578125 0.03125 0.0265625
0 0.81796875 0.496875 0.065625 0.053125
0 0.7703125 0.46875 0.053125 0.0515625
0 0.7625 0.39453125 0.0328125 0.025
0 0.76875 0.41953125 0.0234375 0.0265625
0 0.92421875 0.471875 0.01875 0.0203125
0 0.4234375 0.275 0.021875 0.021875
0 0.53203125 0.20703125 0.01875 0.0203125
0 0.5265625 0.1859375 0.0203125 0.03125
0 0.4125 0.17578125 0.03125 0.034375
0 0.09765625 0.24296875 0.0453125 0.034375
0 0.15078125 0.2453125 0.028125 0.028125
0 0.14296875 0.3796875 0.0171875 0.0140625
0 0.165625 0.3734375 0.0328125 0.025
0 0.18046875 0.3546875 0.015625 0.0140625
0 0.24140625 0.33671875 0.0171875 0.0125
0 0.196875 0.5140625 0.021875 0.0328125
0 0.02109375 0.61640625 0.0265625 0.0265625
0 0.209375 0.8 0.0265625 0.0171875
0 0.7171875 0.4125 0.0265625 0.015625
0 0.63203125 0.15390625 0.0203125 0.015625