0 0.15 0.8359375 0.0703125 0.0765625
0 0.165625 0.6640625 0.0234375 0.0171875
0 0.1421875 0.6453125 0.015625 0.015625
0 0.275 0.471875 0.0328125 0.0328125
0 0.4953125 0.5859375 0.0171875 0.0203125
0 0.6375 0.678125 0.025 0.021875
0 0.634375 0.7890625 0.034375 0.0265625
0 0.5453125 0.6 0.021875 0.0375
0 0.5265625 0.56875 0.0265625 0.009375
0 0.9125 0.5 0.034375 0.021875
0 0.8953125 0.528125 0.034375 0.01875
0 0.9734375 0.5609375 0.025 0.0125
0 0.8890625 0.546875 0.015625 0.0140625
0 0.91875 0.5625 0.015625 0.0125
0 0.8984375 0.571875 0.0078125 0.00625
0 0.9890625 0.6359375 0.0203125 0.0296875
0 0.709375 0.3703125 0.015625 0.015625
0 0.3390625 0.5 0.021875 0.0140625