0 0.28203125 0.9375 0.0609375 0.05
0 0.05234375 0.68515625 0.025 0.021875
0 0.0515625 0.7078125 0.01875 0.0171875
0 0.31796875 0.58671875 0.025 0.021875
0 0.3328125 0.5609375 0.0234375 0.0234375
0 0.334375 0.540625 0.0078125 0.0078125
0 0.3453125 0.53046875 0.009375 0.009375
0 0.35625 0.52890625 0.0078125 0.0078125
0 0.37109375 0.53203125 0.009375 0.0078125
0 0.3546875 0.4765625 0.009375 0.0109375
0 0.36484375 0.4734375 0.0125 0.0125
0 0.5234375 0.44140625 0.015625 0.015625
0 0.5140625 0.45625 0.009375 0.009375
0 0.61171875 0.38984375 0.0078125 0.0125
0 0.63046875 0.3953125 0.0140625 0.0125
0 0.7171875 0.51640625 0.0125 0.0140625
0 0.70703125 0.52109375 0.009375 0.0078125
0 0.72734375 0.5265625 0.0125 0.0109375
0 0.565625 0.79375 0.025 0.021875
0 0.096875 0.3859375 0.015625 0.021875
0 0.03046875 0.32890625 0.01875 0.0109375
0 0.0421875 0.30546875 0.0078125 0.0078125
0 0.29296875 0.35390625 0.0140625 0.0140625
0 0.43359375 0.34609375 0.009375 0.009375
0 0.46328125 0.34609375 0.0046875 0.0046875
0 0.46875 0.3390625 0.0125 0.0171875
0 0.48125 0.3453125 0.0109375 0.009375
0 0.4828125 0.33515625 0.00625 0.00625
0 0.5046875 0.25078125 0.01875 0.0125
0 0.5296875 0.21796875 0.0125 0.0125
0 0.53984375 0.2125 0.015625 0.0140625
0 0.54921875 0.22109375 0.0109375 0.0109375
0 0.796875 0.1046875 0.0109375 0.0109375
0 0.81484375 0.0984375 0.0109375 0.009375
0 0.82734375 0.09296875 0.0078125 0.0078125
0 0.74453125 0.65703125 0.0125 0.0140625
0 0.7609375 0.646875 0.009375 0.009375
0 0.5421875 0.14921875 0.015625 0.0125
0 0.54921875 0.15546875 0.009375 0.00625
0 0.4421875 0.14453125 0.0109375 0.0125
0 0.45546875 0.14453125 0.009375 0.0109375
0 0.45546875 0.13125 0.009375 0.0125
0 0.26796875 0.534375 0.009375 0.0078125
0 0.2765625 0.5265625 0.0140625 0.0125
0 0.228125 0.5625 0.0078125 0.00625