0 0.1640625 0.80703125 0.05625 0.065625
0 0.23515625 0.821875 0.071875 0.0875
0 0.49296875 0.828125 0.040625 0.0609375
0 0.65703125 0.61640625 0.0359375 0.0390625
0 0.6625 0.55703125 0.04375 0.0296875
0 0.746875 0.63671875 0.075 0.059375
0 0.7859375 0.58359375 0.0328125 0.05625
0 0.9703125 0.73515625 0.0453125 0.0359375
0 0.9484375 0.778125 0.0328125 0.015625
0 0.88515625 0.33984375 0.01875 0.01875
0 0.8890625 0.36484375 0.0140625 0.01875
0 0.83984375 0.21796875 0.028125 0.046875
0 0.88125 0.19765625 0.040625 0.046875
0 0.25 0.30703125 0.0453125 0.04375
0 0.2234375 0.31953125 0.0140625 0.0171875
0 0.0265625 0.12734375 0.028125 0.03125
0 0.22109375 0.16171875 0.0125 0.0140625
0 0.234375 0.1484375 0.0109375 0.0109375
0 0.57421875 0.39453125 0.040625 0.025
0 0.71875 0.4109375 0.0171875 0.015625
0 0.615625 0.36796875 0.0109375 0.009375
0 0.57890625 0.35078125 0.0109375 0.0109375
0 0.59296875 0.35 0.009375 0.0109375
0 0.6015625 0.35625 0.0109375 0.0109375
0 0.61875 0.31328125 0.0234375 0.015625