0 0.15 0.46328125 0.0296875 0.0296875
0 0.1796875 0.4328125 0.0296875 0.0234375
0 0.34140625 0.5078125 0.025 0.0296875
0 0.221875 0.4578125 0.040625 0.0515625
0 0.209375 0.353125 0.0328125 0.0234375
0 0.246875 0.4171875 0.0171875 0.015625
0 0.58828125 0.25390625 0.028125 0.0265625
0 0.60859375 0.27578125 0.0203125 0.01875
0 0.59765625 0.29765625 0.0171875 0.01875
0 0.9234375 0.45234375 0.04375 0.05
0 0.89375 0.6734375 0.0609375 0.06875
0 0.43828125 0.5578125 0.0484375 0.0515625
0 0.6375 0.3046875 0.0203125 0.0140625
0 0.6203125 0.30703125 0.0140625 0.0109375
0 0.60078125 0.321875 0.0109375 0.0078125