0 0.4265625 0.7921875 0.034375 0.0375
0 0.421875 0.73125 0.05 0.053125
0 0.1546875 0.8203125 0.04375 0.040625
0 0.15625 0.75625 0.034375 0.0296875
0 0.1796875 0.728125 0.0203125 0.0328125
0 0.14375 0.715625 0.0296875 0.03125
0 0.015625 0.61875 0.0296875 0.0265625
0 0.8078125 0.4578125 0.0359375 0.0484375
0 0.309375 0.434375 0.01875 0.01875
0 0.2203125 0.4359375 0.0125 0.0125
0 0.1625 0.3625 0.0171875 0.021875
0 0.1109375 0.3640625 0.015625 0.0125
0 0.2609375 0.15 0.025 0.0171875
0 0.54375 0.3 0.01875 0.021875
0 0.8140625 0.225 0.015625 0.0125
0 0.5453125 0.63125 0.0375 0.021875
0 0.75 0.696875 0.0234375 0.03125