0 0.609375 0.80390625 0.0515625 0.0453125
0 0.57421875 0.8125 0.0234375 0.0203125
0 0.6046875 0.85 0.0765625 0.046875
0 0.58671875 0.8734375 0.0671875 0.03125
0 0.42265625 0.515625 0.025 0.0234375
0 0.53046875 0.49375 0.0328125 0.021875
0 0.521875 0.53203125 0.04375 0.05
0 0.48515625 0.51875 0.0171875 0.0171875
0 0.54921875 0.434375 0.0359375 0.0328125
0 0.4921875 0.36875 0.06875 0.05625
0 0.571875 0.35234375 0.0515625 0.0453125
0 0.8671875 0.2625 0.025 0.028125
0 0.92109375 0.36171875 0.0203125 0.0171875
0 0.6578125 0.46171875 0.01875 0.0140625
0 0.646875 0.43359375 0.0171875 0.01875