0 0.48046875 0.7078125 0.015625 0.0171875
0 0.4296875 0.73515625 0.0125 0.0125
0 0.41328125 0.7390625 0.0203125 0.01875
0 0.5015625 0.6359375 0.0171875 0.0125
0 0.515625 0.6328125 0.0125 0.0078125
0 0.434375 0.5578125 0.0203125 0.0109375
0 0.40625 0.5921875 0.0125 0.0140625
0 0.4265625 0.58671875 0.009375 0.0125
0 0.45 0.56484375 0.009375 0.0140625
0 0.303125 0.80390625 0.01875 0.01875
0 0.33671875 0.825 0.0171875 0.0203125
0 0.32890625 0.8375 0.0203125 0.015625
0 0.35625 0.8296875 0.0171875 0.015625
0 0.346875 0.84375 0.0140625 0.0109375
0 0.4421875 0.809375 0.0140625 0.0125
0 0.4625 0.709375 0.0234375 0.01875
0 0.765625 0.77734375 0.021875 0.0296875
0 0.77421875 0.67265625 0.015625 0.0125
0 0.79765625 0.65 0.01875 0.0203125
0 0.79921875 0.7 0.015625 0.0140625
0 0.8125 0.70546875 0.009375 0.0109375