0 0.04921875 0.64296875 0.0234375 0.01875
0 0.08046875 0.63828125 0.01875 0.01875
0 0.1015625 0.64296875 0.0203125 0.0203125
0 0.121875 0.65703125 0.021875 0.0203125
0 0.13046875 0.6890625 0.0203125 0.0203125
0 0.003125 0.55859375 0.00625 0.0203125
0 0.165625 0.55625 0.01875 0.0203125
0 0.184375 0.56015625 0.01875 0.01875
0 0.384375 0.68671875 0.0203125 0.0203125
0 0.41328125 0.67109375 0.025 0.0265625
0 0.6046875 0.9 0.01875 0.01875
0 0.5890625 0.9046875 0.0203125 0.0171875
0 0.60625 0.91171875 0.0171875 0.015625
0 0.80078125 0.6765625 0.0234375 0.0171875
0 0.796875 0.6953125 0.0234375 0.01875
0 0.575 0.6765625 0.0296875 0.0234375
0 0.20390625 0.36171875 0.01875 0.0171875
0 0.1796875 0.3984375 0.0203125 0.0125
0 0.17734375 0.4109375 0.0171875 0.015625
0 0.140625 0.3984375 0.0203125 0.015625
0 0.11796875 0.39765625 0.0203125 0.021875
0 0.38203125 0.4625 0.01875 0.0140625
0 0.425 0.47890625 0.015625 0.0140625
0 0.44296875 0.4890625 0.015625 0.0140625
0 0.434375 0.5 0.015625 0.0140625
0 0.41875 0.48828125 0.0203125 0.0140625
0 0.57265625 0.4015625 0.0140625 0.0171875
0 0.59296875 0.4203125 0.015625 0.0171875
0 0.58671875 0.40390625 0.01875 0.01875
0 0.61640625 0.34453125 0.01875 0.015625
0 0.6203125 0.35703125 0.0171875 0.0140625
0 0.56875 0.2265625 0.0265625 0.0234375
0 0.52109375 0.26953125 0.0125 0.0125
0 0.534375 0.28203125 0.0125 0.0125
0 0.54296875 0.26796875 0.0140625 0.015625
0 0.53125 0.41796875 0.0140625 0.015625
0 0.51953125 0.415625 0.0171875 0.01875
0 0.5125 0.39921875 0.015625 0.015625
0 0.6265625 0.57109375 0.01875 0.015625
0 0.521875 0.49375 0.015625 0.015625
0 0.87578125 0.44140625 0.0328125 0.03125
0 0.875 0.47578125 0.015625 0.0125
0 0.89453125 0.475 0.015625 0.0109375
0 0.840625 0.45859375 0.0203125 0.0171875
0 0.7875 0.46875 0.028125 0.025
0 0.9375 0.55390625 0.021875 0.015625
0 0.9671875 0.5546875 0.0265625 0.0234375
0 0.9140625 0.4765625 0.0171875 0.0140625