0 0.253125 0.61015625 0.0140625 0.0140625
0 0.27109375 0.6125 0.0265625 0.0234375
0 0.28984375 0.58359375 0.0203125 0.0203125
0 0.025 0.309375 0.0109375 0.0109375
0 0.01796875 0.3234375 0.0109375 0.0125
0 0.540625 0.30859375 0.0125 0.0140625
0 0.5265625 0.3203125 0.009375 0.0078125
0 0.6578125 0.28671875 0.015625 0.0125
0 0.6421875 0.278125 0.015625 0.009375
0 0.70078125 0.42109375 0.0125 0.0140625
0 0.7046875 0.4328125 0.0109375 0.0109375
0 0.690625 0.42421875 0.0109375 0.009375
0 0.921875 0.74609375 0.01875 0.0171875
0 0.4890625 0.5890625 0.015625 0.0171875
0 0.3296875 0.384375 0.0109375 0.015625
0 0.34296875 0.36640625 0.01875 0.01875
0 0.3859375 0.3078125 0.0171875 0.0109375
0 0.071875 0.403125 0.0171875 0.0203125
0 0.078125 0.475 0.01875 0.0203125
0 0.265625 0.47890625 0.0171875 0.015625
0 0.09765625 0.725 0.0234375 0.0234375
0 0.12265625 0.72265625 0.025 0.028125
0 0.09375 0.76328125 0.015625 0.0109375
0 0.14921875 0.73125 0.0171875 0.0140625
0 0.2734375 0.69609375 0.025 0.025
0 0.95625 0.7328125 0.028125 0.025
0 0.5265625 0.2 0.0078125 0.0125
0 0.5140625 0.1890625 0.01875 0.01875