0 0.8171875 0.8578125 0.0765625 0.05625
0 0.86171875 0.709375 0.028125 0.0234375
0 0.565625 0.55234375 0.046875 0.046875
0 0.61171875 0.56640625 0.0328125 0.03125
0 0.6078125 0.59453125 0.046875 0.0328125
0 0.5171875 0.67578125 0.0203125 0.0171875
0 0.53203125 0.6546875 0.01875 0.01875
0 0.40234375 0.7015625 0.0203125 0.0203125
0 0.25703125 0.82421875 0.0203125 0.0234375
0 0.02265625 0.77890625 0.0234375 0.0265625
0 0.15234375 0.74609375 0.025 0.025
0 0.2953125 0.81328125 0.0234375 0.0203125
0 0.18359375 0.6453125 0.021875 0.0234375
0 0.12890625 0.6890625 0.0265625 0.025
0 0.15546875 0.68671875 0.0171875 0.025
0 0.175 0.66875 0.034375 0.0234375
0 0.096875 0.45625 0.0265625 0.01875
0 0.046875 0.3515625 0.0203125 0.0171875
0 0.05 0.3921875 0.0234375 0.01875
0 0.28984375 0.3421875 0.0171875 0.015625
0 0.3234375 0.221875 0.0265625 0.0265625
0 0.27265625 0.20625 0.0125 0.0125
0 0.28828125 0.20625 0.0140625 0.0109375
0 0.046875 0.12265625 0.0171875 0.0171875
0 0.434375 0.23671875 0.01875 0.0171875
0 0.41875 0.2203125 0.015625 0.0171875
0 0.52265625 0.15859375 0.0203125 0.015625
0 0.6703125 0.27734375 0.0234375 0.01875
0 0.7328125 0.2265625 0.0171875 0.015625
0 0.5828125 0.459375 0.028125 0.021875
0 0.70546875 0.44453125 0.01875 0.021875
0 0.80078125 0.22265625 0.0203125 0.015625
0 0.584375 0.1828125 0.0109375 0.0140625
0 0.59765625 0.2 0.0109375 0.015625
0 0.61328125 0.20234375 0.0125 0.0109375
0 0.87578125 0.30078125 0.015625 0.0109375
0 0.9109375 0.465625 0.015625 0.028125
0 0.0328125 0.66953125 0.015625 0.0109375
0 0.52421875 0.38828125 0.0125 0.009375
0 0.72265625 0.390625 0.0265625 0.0234375
0 0.67265625 0.353125 0.015625 0.0140625