0 0.5375 0.6859375 0.0390625 0.0390625
0 0.31796875 0.50546875 0.05 0.075
0 0.3921875 0.46171875 0.0734375 0.08125
0 0.446875 0.42578125 0.065625 0.0703125
0 0.265625 0.43828125 0.0265625 0.021875
0 0.2875 0.43671875 0.0125 0.0171875
0 0.18125 0.44375 0.040625 0.034375
0 0.165625 0.42265625 0.0296875 0.021875
0 0.5484375 0.2515625 0.065625 0.0578125
0 0.60078125 0.21640625 0.0875 0.084375
0 0.71484375 0.24453125 0.040625 0.0875
0 0.81484375 0.38125 0.03125 0.0421875
0 0.75703125 0.25078125 0.01875 0.0234375
0 0.940625 0.29140625 0.0203125 0.01875
0 0.9609375 0.28515625 0.0234375 0.01875
0 0.97109375 0.30625 0.0125 0.0171875
0 0.475 0.15625 0.0328125 0.034375
0 0.45546875 0.13515625 0.0203125 0.0171875
0 0.41953125 0.140625 0.0140625 0.0140625