0 0.1453125 0.728125 0.04375 0.040625
0 0.0984375 0.7640625 0.0328125 0.03125
0 0.07265625 0.78046875 0.01875 0.0203125
0 0.23359375 0.6125 0.009375 0.0109375
0 0.25390625 0.60546875 0.009375 0.0078125
0 0.26796875 0.6078125 0.009375 0.0078125
0 0.28359375 0.6171875 0.0078125 0.0078125
0 0.2953125 0.54140625 0.0078125 0.009375
0 0.309375 0.54375 0.0109375 0.0125
0 0.50625 0.584375 0.0140625 0.0140625
0 0.4875 0.5984375 0.0125 0.009375
0 0.70078125 0.75546875 0.0140625 0.0171875
0 0.68671875 0.75859375 0.0125 0.009375
0 0.7078125 0.77265625 0.0109375 0.0125
0 0.8421875 0.56015625 0.0125 0.009375
0 0.8421875 0.54296875 0.015625 0.0078125
0 0.63671875 0.5703125 0.0125 0.0125
0 0.28984375 0.38203125 0.009375 0.009375
0 0.23359375 0.421875 0.0078125 0.0109375
0 0.25078125 0.41953125 0.0078125 0.0109375
0 0.27890625 0.421875 0.0109375 0.015625
0 0.67265625 0.4828125 0.009375 0.0078125
0 0.48671875 0.43828125 0.009375 0.0078125
0 0.496875 0.4546875 0.00625 0.0078125
0 0.50390625 0.44375 0.00625 0.009375
0 0.4828125 0.44765625 0.015625 0.00625
0 0.44765625 0.4359375 0.0140625 0.0078125
0 0.59921875 0.346875 0.0109375 0.0109375
0 0.61171875 0.34609375 0.0125 0.0109375
0 0.61875 0.35859375 0.00625 0.0109375
0 0.63046875 0.296875 0.0171875 0.01875
0 0.53359375 0.24453125 0.0078125 0.009375
0 0.54609375 0.2515625 0.009375 0.009375
0 0.56640625 0.19921875 0.0171875 0.0140625
0 0.02421875 0.32734375 0.01875 0.0234375
0 0.17734375 0.5625 0.0078125 0.0078125
0 0.16171875 0.57109375 0.0140625 0.009375
0 0.559375 0.36953125 0.021875 0.0109375
0 0.5421875 0.375 0.0078125 0.009375
0 0.5484375 0.3625 0.0140625 0.0109375
0 0.57109375 0.43828125 0.0109375 0.009375
0 0.9703125 0.42109375 0.0109375 0.009375
0 0.9921875 0.421875 0.015625 0.0078125
0 0.87109375 0.3515625 0.0125 0.0109375
0 0.91171875 0.35 0.0125 0.009375
0 0.92890625 0.34921875 0.0109375 0.0078125
0 0.8171875 0.3640625 0.0140625 0.009375
0 0.821875 0.375 0.0203125 0.0078125
0 0.9046875 0.325 0.025 0.0265625