0 0.2390625 0.5703125 0.0125 0.0125
0 0.25625 0.575 0.0234375 0.0203125
0 0.2796875 0.55 0.0171875 0.0171875
0 0.0609375 0.2375 0.009375 0.009375
0 0.0515625 0.25 0.009375 0.0109375
0 0.0140625 0.259375 0.0109375 0.009375
0 0.5703125 0.3171875 0.0109375 0.0125
0 0.5546875 0.3265625 0.0078125 0.00625
0 0.6890625 0.3140625 0.0140625 0.0109375
0 0.675 0.303125 0.0140625 0.0078125
0 0.7109375 0.453125 0.0109375 0.0125
0 0.7125 0.465625 0.009375 0.009375
0 0.7 0.4546875 0.009375 0.0078125
0 0.878125 0.809375 0.0171875 0.0140625
0 0.475 0.5859375 0.0140625 0.015625
0 0.35 0.359375 0.009375 0.0140625
0 0.365625 0.34375 0.015625 0.0171875
0 0.4171875 0.2921875 0.015625 0.009375
0 0.0921875 0.3375 0.0140625 0.01875
0 0.0875 0.409375 0.015625 0.01875
0 0.271875 0.4421875 0.015625 0.0140625
0 0.0671875 0.659375 0.0203125 0.0203125
0 0.0921875 0.6609375 0.021875 0.025
0 0.0578125 0.696875 0.0140625 0.009375
0 0.1171875 0.6734375 0.015625 0.0125
0 0.2453125 0.6578125 0.021875 0.021875
0 0.9140625 0.8015625 0.025 0.021875
0 0.5734375 0.2078125 0.00625 0.0109375
0 0.5625 0.1953125 0.015625 0.0171875