0 0.2875 0.8046875 0.05 0.053125
0 0.3171875 0.690625 0.0484375 0.05625
0 0.3953125 0.690625 0.0734375 0.08125
0 0.45 0.7375 0.0171875 0.034375
0 0.5828125 0.715625 0.0421875 0.0515625
0 0.753125 0.434375 0.0375 0.03125
0 0.8875 0.4375 0.0328125 0.0578125
0 0.8578125 0.4921875 0.0734375 0.0609375
0 0.7609375 0.48125 0.0390625 0.0359375
0 0.6140625 0.30625 0.040625 0.0265625
0 0.6 0.25 0.0234375 0.015625
0 0.5796875 0.2890625 0.034375 0.0140625
0 0.2359375 0.25 0.0265625 0.0234375
0 0.98125 0.2890625 0.0203125 0.015625
0 0.8390625 0.1359375 0.0328125 0.021875