0 0.571875 0.675 0.04375 0.04375
0 0.321875 0.53984375 0.0609375 0.0796875
0 0.38671875 0.4828125 0.084375 0.090625
0 0.43359375 0.43671875 0.075 0.078125
0 0.25859375 0.484375 0.028125 0.025
0 0.2796875 0.478125 0.015625 0.01875
0 0.1765625 0.50546875 0.0453125 0.040625
0 0.15703125 0.4875 0.0328125 0.0265625
0 0.50078125 0.246875 0.071875 0.0671875
0 0.54453125 0.20234375 0.0984375 0.096875
0 0.6625 0.2078125 0.05625 0.0890625
0 0.78671875 0.3234375 0.0375 0.0453125
0 0.7046875 0.20625 0.021875 0.025
0 0.89296875 0.2109375 0.0234375 0.0203125
0 0.9109375 0.2015625 0.025 0.021875
0 0.92578125 0.21953125 0.015625 0.01875
0 0.41015625 0.1671875 0.0375 0.0390625
0 0.38671875 0.15078125 0.021875 0.01875
0 0.35234375 0.1625 0.015625 0.015625