0 0.26171875 0.78515625 0.0546875 0.0578125
0 0.3015625 0.67421875 0.053125 0.0609375
0 0.37890625 0.68046875 0.0796875 0.0875
0 0.4296875 0.73203125 0.0203125 0.0359375
0 0.5640625 0.721875 0.046875 0.0546875
0 0.7578125 0.45703125 0.040625 0.034375
0 0.89140625 0.471875 0.0375 0.0609375
0 0.85703125 0.5234375 0.078125 0.0671875
0 0.76171875 0.50390625 0.0421875 0.0390625
0 0.63046875 0.3171875 0.0421875 0.0296875
0 0.62109375 0.259375 0.025 0.0171875
0 0.59765625 0.296875 0.0359375 0.0171875
0 0.25859375 0.228125 0.028125 0.025
0 0.99296875 0.33203125 0.0140625 0.0171875
0 0.86953125 0.1671875 0.034375 0.025