0 0.9859375 0.4828125 0.015625 0.01875
0 0.953125 0.47734375 0.0359375 0.021875
0 0.93984375 0.4015625 0.0203125 0.015625
0 0.8984375 0.52421875 0.0125 0.0140625
0 0.9125 0.51640625 0.015625 0.0125
0 0.884375 0.5296875 0.0171875 0.0171875
0 0.778125 0.625 0.01875 0.015625
0 0.83515625 0.63671875 0.0125 0.0125
0 0.8640625 0.63125 0.021875 0.0296875
0 0.8453125 0.628125 0.021875 0.028125
0 0.65625 0.78984375 0.015625 0.0171875
0 0.66953125 0.7859375 0.0140625 0.0171875
0 0.828125 0.35078125 0.0234375 0.0171875
0 0.803125 0.4046875 0.0140625 0.0171875
0 0.8203125 0.403125 0.0109375 0.0109375
0 0.81953125 0.390625 0.0140625 0.0140625
0 0.88984375 0.27890625 0.021875 0.0203125
0 0.8578125 0.2625 0.021875 0.0203125
0 0.36796875 0.58984375 0.01875 0.0125
0 0.2390625 0.6609375 0.0203125 0.015625
0 0.20078125 0.69765625 0.015625 0.0140625
0 0.10546875 0.715625 0.025 0.0203125
0 0.1078125 0.73125 0.021875 0.0171875
0 0.12734375 0.72421875 0.0203125 0.0171875
0 0.1046875 0.69765625 0.0171875 0.0140625
0 0.146875 0.68046875 0.0328125 0.025
0 0.1078125 0.67890625 0.0296875 0.01875
0 0.21484375 0.54296875 0.0234375 0.015625
0 0.2375 0.62265625 0.0140625 0.0140625
0 0.40703125 0.646875 0.0171875 0.0234375
0 0.3921875 0.65625 0.0140625 0.0171875
0 0.60078125 0.653125 0.0109375 0.0078125
0 0.60390625 0.66328125 0.0140625 0.0140625
0 0.57578125 0.66328125 0.0140625 0.0171875
0 0.56328125 0.6703125 0.0171875 0.0203125
0 0.22265625 0.85390625 0.01875 0.0203125
0 0.23671875 0.834375 0.01875 0.015625