0 0.984375 0.5421875 0.0140625 0.0171875
0 0.953125 0.5328125 0.034375 0.01875
0 0.9484375 0.45546875 0.0203125 0.0140625
0 0.89296875 0.57265625 0.0109375 0.0140625
0 0.9078125 0.56640625 0.015625 0.0109375
0 0.87734375 0.5765625 0.015625 0.015625
0 0.7609375 0.6578125 0.0171875 0.0140625
0 0.815625 0.6765625 0.0125 0.0109375
0 0.8453125 0.675 0.0203125 0.028125
0 0.82734375 0.66953125 0.01875 0.0265625
0 0.61953125 0.80703125 0.0140625 0.015625
0 0.63359375 0.8046875 0.0125 0.015625
0 0.84375 0.3921875 0.021875 0.015625
0 0.81171875 0.44296875 0.0125 0.015625
0 0.8296875 0.44296875 0.0109375 0.0109375
0 0.83046875 0.43046875 0.0125 0.0125
0 0.9140625 0.328125 0.0203125 0.01875
0 0.884375 0.3078125 0.0203125 0.01875
0 0.3578125 0.5734375 0.01875 0.0109375
0 0.22109375 0.628125 0.0203125 0.0140625
0 0.17890625 0.66015625 0.0140625 0.0125
0 0.08203125 0.665625 0.0234375 0.01875
0 0.0828125 0.68125 0.0203125 0.015625
0 0.10234375 0.6765625 0.01875 0.015625
0 0.08359375 0.6484375 0.015625 0.0125
0 0.12734375 0.63671875 0.03125 0.0234375
0 0.0890625 0.6296875 0.0296875 0.015625
0 0.21171875 0.5078125 0.0234375 0.0125
0 0.225 0.58984375 0.0125 0.0125
0 0.38984375 0.634375 0.015625 0.021875
0 0.3734375 0.6421875 0.0125 0.015625
0 0.58125 0.6640625 0.0109375 0.0078125
0 0.5828125 0.675 0.0125 0.0125
0 0.55546875 0.671875 0.0125 0.015625
0 0.5421875 0.6765625 0.015625 0.01875
0 0.18203125 0.81796875 0.0171875 0.01875
0 0.19765625 0.79921875 0.0171875 0.0140625