0 0.153125 0.5859375 0.03125 0.0453125
0 0.2046875 0.5734375 0.0359375 0.0359375
0 0.2890625 0.5859375 0.0265625 0.0265625
0 0.290625 0.5609375 0.0375 0.015625
0 0.328125 0.475 0.03125 0.0265625
0 0.9640625 0.6578125 0.040625 0.0296875
0 0.984375 0.6203125 0.028125 0.046875
0 0.896875 0.3734375 0.0234375 0.021875
0 0.8171875 0.309375 0.0328125 0.0203125
0 0.6046875 0.478125 0.021875 0.01875
0 0.234375 0.565625 0.015625 0.0171875
0 0.7234375 0.5859375 0.028125 0.028125
0 0.88125 0.359375 0.015625 0.0140625