0 0.40859375 0.41796875 0.040625 0.05625
0 0.33359375 0.3734375 0.0578125 0.0578125
0 0.3890625 0.37734375 0.0578125 0.0421875
0 0.13359375 0.46640625 0.0609375 0.0546875
0 0.10234375 0.484375 0.0390625 0.04375
0 0.19375 0.45859375 0.0515625 0.0453125
0 0.27578125 0.6890625 0.034375 0.0328125
0 0.8421875 0.5875 0.040625 0.046875
0 0.8796875 0.41171875 0.028125 0.03125
0 0.8359375 0.44375 0.0328125 0.0265625
0 0.45234375 0.26484375 0.0234375 0.0234375
0 0.47421875 0.28359375 0.03125 0.034375
0 0.42734375 0.26875 0.015625 0.021875
0 0.19140625 0.09765625 0.034375 0.0375
0 0.22109375 0.075 0.0296875 0.0328125
0 0.13203125 0.0515625 0.028125 0.025
0 0.3 0.44921875 0.03125 0.021875
0 0.2140625 0.41875 0.015625 0.01875
0 0.45078125 0.6921875 0.0359375 0.034375
0 0.7078125 0.7453125 0.034375 0.0328125