0 0.1796875 0.771875 0.0546875 0.0578125
0 0.1046875 0.65 0.071875 0.0546875
0 0.05 0.5125 0.053125 0.046875
0 0.41171875 0.69296875 0.034375 0.034375
0 0.4109375 0.640625 0.034375 0.0390625
0 0.3734375 0.58984375 0.0453125 0.0359375
0 0.47265625 0.69375 0.034375 0.0484375
0 0.5234375 0.57734375 0.0296875 0.03125
0 0.35703125 0.4828125 0.040625 0.0421875
0 0.4703125 0.50703125 0.0328125 0.0328125
0 0.37109375 0.45 0.0328125 0.028125
0 0.39609375 0.49765625 0.028125 0.03125
0 0.934375 0.5515625 0.040625 0.0390625
0 0.9 0.49609375 0.0296875 0.021875
0 0.48671875 0.26640625 0.0296875 0.028125
0 0.4765625 0.23984375 0.03125 0.021875
0 0.2328125 0.134375 0.0296875 0.025
0 0.059375 0.10859375 0.021875 0.025
0 0.44921875 0.2640625 0.01875 0.0296875