0 0.08828125 0.8796875 0.0265625 0.03125
0 0.1171875 0.86484375 0.028125 0.025
0 0.025 0.56796875 0.0328125 0.0265625
0 0.33984375 0.5859375 0.0265625 0.0234375
0 0.4109375 0.59609375 0.025 0.0265625
0 0.4390625 0.5953125 0.0203125 0.0203125
0 0.434375 0.61796875 0.0234375 0.025
0 0.3984375 0.6171875 0.015625 0.015625
0 0.4140625 0.61796875 0.0203125 0.0203125
0 0.54453125 0.54765625 0.0171875 0.015625
0 0.8578125 0.440625 0.028125 0.0296875
0 0.87578125 0.2890625 0.0390625 0.034375
0 0.890625 0.328125 0.01875 0.0140625
0 0.84765625 0.3265625 0.028125 0.0234375
0 0.85703125 0.35859375 0.0234375 0.015625
0 0.79609375 0.3625 0.03125 0.025
0 0.56171875 0.3984375 0.0265625 0.0234375
0 0.60390625 0.409375 0.0171875 0.0203125
0 0.5796875 0.3921875 0.021875 0.0203125
0 0.515625 0.44375 0.0171875 0.015625
0 0.4984375 0.453125 0.0171875 0.01875
0 0.56640625 0.3015625 0.01875 0.015625
0 0.5796875 0.3140625 0.015625 0.0125
0 0.55 0.30703125 0.0140625 0.0125
0 0.43125 0.26015625 0.015625 0.0171875
0 0.4078125 0.25078125 0.015625 0.01875
0 0.43515625 0.2390625 0.0140625 0.015625
0 0.38515625 0.24609375 0.0125 0.0140625
0 0.44765625 0.15859375 0.028125 0.028125
0 0.475 0.1671875 0.0234375 0.025
0 0.290625 0.50234375 0.01875 0.015625