0 0.4109375 0.2921875 0.01875 0.0109375
0 0.053125 0.234375 0.009375 0.00625
0 0.0453125 0.25 0.0078125 0.009375
0 0.0078125 0.2546875 0.0140625 0.0078125
0 0.0828125 0.3328125 0.021875 0.01875
0 0.078125 0.4078125 0.0203125 0.01875
0 0.0546875 0.4203125 0.0171875 0.009375
0 0.0578125 0.6546875 0.01875 0.0203125
0 0.084375 0.6546875 0.03125 0.021875
0 0.2421875 0.56875 0.0375 0.0234375
0 0.271875 0.55 0.0109375 0.0125
0 0.2359375 0.65625 0.0203125 0.0234375
0 0.46875 0.5828125 0.0140625 0.0125
0 0.35625 0.3375 0.0203125 0.0203125
0 0.340625 0.353125 0.0109375 0.009375
0 0.5625 0.31875 0.0125 0.0140625
0 0.546875 0.3265625 0.0109375 0.0078125
0 0.390625 0.14375 0.0109375 0.009375
0 0.3515625 0.184375 0.0078125 0.009375
0 0.3625 0.18125 0.0078125 0.0078125
0 0.3859375 0.1859375 0.0078125 0.009375
0 0.009375 0.175 0.0140625 0.0140625
0 0.7015625 0.453125 0.009375 0.0109375
0 0.665625 0.303125 0.0109375 0.0078125
0 0.6765625 0.315625 0.00625 0.0078125
0 0.565625 0.2078125 0.0078125 0.0078125
0 0.5484375 0.2015625 0.0046875 0.0046875
0 0.55625 0.1984375 0.0078125 0.0140625
0 0.715625 0.23125 0.0046875 0.00625
0 0.7046875 0.465625 0.009375 0.0078125
0 0.690625 0.4546875 0.0078125 0.00625
0 0.8140625 0.70625 0.0125 0.0140625
0 0.678125 0.565625 0.0109375 0.0125
0 0.6625 0.5671875 0.0109375 0.0109375
0 0.9015625 0.7921875 0.025 0.0203125