0 0.1578125 0.8484375 0.053125 0.0359375
0 0.0171875 0.5375 0.0203125 0.0171875
0 0.009375 0.559375 0.015625 0.0125
0 0.3 0.5265625 0.0203125 0.0171875
0 0.321875 0.50625 0.01875 0.01875
0 0.3296875 0.4875 0.00625 0.00625
0 0.34375 0.48125 0.0078125 0.0078125
0 0.3546875 0.4828125 0.00625 0.00625
0 0.3671875 0.490625 0.0078125 0.00625
0 0.36875 0.4328125 0.00625 0.009375
0 0.3796875 0.4328125 0.009375 0.009375
0 0.540625 0.4515625 0.0125 0.0125
0 0.5265625 0.4625 0.0078125 0.0078125
0 0.640625 0.4296875 0.0046875 0.0109375
0 0.65625 0.440625 0.0125 0.009375
0 0.7015625 0.5828125 0.009375 0.0125
0 0.690625 0.584375 0.0078125 0.00625
0 0.7078125 0.5953125 0.0109375 0.0078125
0 0.471875 0.8 0.0203125 0.0171875
0 0.1515625 0.2671875 0.0109375 0.01875
0 0.10625 0.1921875 0.0171875 0.00625
0 0.125 0.1734375 0.00625 0.00625
0 0.3484375 0.296875 0.0109375 0.0109375
0 0.484375 0.3328125 0.0078125 0.0078125
0 0.5125 0.3421875 0.0046875 0.003125
0 0.5203125 0.3375 0.0078125 0.015625
0 0.5296875 0.346875 0.009375 0.00625
0 0.534375 0.3375 0.0046875 0.0046875
0 0.58125 0.2640625 0.0171875 0.0078125
0 0.615625 0.240625 0.009375 0.009375
0 0.6265625 0.2390625 0.0125 0.0109375
0 0.6328125 0.25 0.0078125 0.009375
0 0.9046875 0.215625 0.009375 0.0078125
0 0.9234375 0.215625 0.009375 0.00625
0 0.9375 0.2140625 0.00625 0.00625
0 0.684375 0.725 0.009375 0.0125
0 0.703125 0.7203125 0.0078125 0.0078125
0 0.6484375 0.1796875 0.0140625 0.0078125
0 0.653125 0.1875 0.0078125 0.0046875
0 0.5546875 0.14375 0.0078125 0.0109375
0 0.5671875 0.1484375 0.00625 0.009375
0 0.571875 0.1359375 0.00625 0.0109375
0 0.26875 0.4609375 0.0078125 0.00625
0 0.2796875 0.45625 0.0109375 0.009375
0 0.221875 0.475 0.00625 0.0046875