0 0.175 0.81875 0.0546875 0.0640625
0 0.246875 0.83125 0.06875 0.084375
0 0.5046875 0.828125 0.0390625 0.059375
0 0.6609375 0.6109375 0.034375 0.0375
0 0.6640625 0.5515625 0.0421875 0.028125
0 0.7515625 0.628125 0.0734375 0.05625
0 0.7890625 0.5734375 0.03125 0.0546875
0 0.978125 0.71875 0.04375 0.034375
0 0.9578125 0.7625 0.0328125 0.0140625
0 0.8796875 0.3265625 0.01875 0.01875
0 0.884375 0.3515625 0.0140625 0.01875
0 0.8296875 0.20625 0.0265625 0.0453125
0 0.8703125 0.184375 0.0390625 0.0453125
0 0.24375 0.315625 0.04375 0.0421875
0 0.2171875 0.3296875 0.0140625 0.0171875
0 0.0140625 0.14375 0.0265625 0.0296875
0 0.209375 0.171875 0.0125 0.0140625
0 0.221875 0.1578125 0.0109375 0.0109375
0 0.5703125 0.3921875 0.0390625 0.0234375
0 0.715625 0.403125 0.0171875 0.015625
0 0.6109375 0.3640625 0.0109375 0.009375
0 0.5734375 0.3484375 0.0109375 0.0109375
0 0.5875 0.346875 0.009375 0.0109375
0 0.596875 0.353125 0.0109375 0.0109375
0 0.6125 0.309375 0.0234375 0.0140625