0 0.20625 0.5390625 0.021875 0.025
0 0.228125 0.5015625 0.034375 0.0234375
0 0.403125 0.5421875 0.025 0.0234375
0 0.5046875 0.565625 0.03125 0.04375
0 0.278125 0.5140625 0.0421875 0.0453125
0 0.2359375 0.4078125 0.0328125 0.021875
0 0.584375 0.2265625 0.021875 0.021875
0 0.5828125 0.2625 0.03125 0.015625
0 0.65 0.2734375 0.0234375 0.0109375
0 0.6015625 0.2375 0.0171875 0.025
0 0.978125 0.38125 0.0234375 0.021875
0 0.6453125 0.6171875 0.04375 0.03125
0 0.721875 0.6421875 0.028125 0.021875
0 0.31875 0.8046875 0.046875 0.034375
0 0.3328125 0.1390625 0.0265625 0.0234375