0 0.49375 0.79375 0.0171875 0.01875
0 0.2515625 0.8140625 0.025 0.0265625
0 0.225 0.8015625 0.01875 0.015625
0 0.2640625 0.63125 0.021875 0.015625
0 0.375 0.5296875 0.01875 0.01875
0 0.3578125 0.5453125 0.015625 0.0140625
0 0.6953125 0.740625 0.0109375 0.0109375
0 0.7125 0.7390625 0.0109375 0.009375
0 0.71875 0.60625 0.009375 0.0125
0 0.721875 0.6203125 0.0078125 0.0078125
0 0.7078125 0.609375 0.009375 0.0078125
0 0.0859375 0.540625 0.025 0.0171875
0 0.1390625 0.5484375 0.009375 0.0109375
0 0.128125 0.565625 0.009375 0.0078125
0 0.0109375 0.4546875 0.01875 0.009375
0 0.053125 0.43125 0.0109375 0.0109375
0 0.065625 0.4171875 0.009375 0.009375
0 0.0265625 0.3640625 0.0171875 0.0125
0 0.053125 0.2875 0.0109375 0.0078125
0 0.0828125 0.2671875 0.0140625 0.009375
0 0.075 0.234375 0.00625 0.0046875
0 0.190625 0.24375 0.0125 0.0078125
0 0.2265625 0.303125 0.0125 0.015625
0 0.2109375 0.3078125 0.0109375 0.009375
0 0.3703125 0.5015625 0.00625 0.0046875
0 0.3828125 0.4984375 0.00625 0.0046875
0 0.39375 0.5 0.00625 0.00625
0 0.4046875 0.50625 0.00625 0.00625
0 0.4078125 0.4515625 0.0078125 0.0078125
0 0.4171875 0.4515625 0.0078125 0.0078125
0 0.5671875 0.478125 0.0109375 0.0109375
0 0.553125 0.4875 0.0078125 0.0078125
0 0.678125 0.46875 0.015625 0.0140625
0 0.70625 0.396875 0.0046875 0.0046875
0 0.934375 0.25625 0.0109375 0.00625
0 0.9453125 0.2640625 0.0109375 0.00625
0 0.9578125 0.2625 0.009375 0.00625
0 0.6796875 0.2265625 0.0140625 0.009375
0 0.6515625 0.28125 0.0171875 0.009375
0 0.6140625 0.3046875 0.0125 0.009375
0 0.39375 0.3265625 0.0078125 0.009375
0 0.3640625 0.3609375 0.0171875 0.0125
0 0.3921875 0.359375 0.003125 0.0109375
0 0.2046875 0.225 0.0046875 0.003125
0 0.190625 0.1703125 0.0109375 0.0078125
0 0.015625 0.14375 0.0140625 0.0109375
0 0.5609375 0.378125 0.00625 0.00625
0 0.5515625 0.36875 0.0125 0.0125
0 0.5203125 0.3625 0.00625 0.00625